,WAR,Age
0,,
1,0.0,25
2,-0.2,26
3,0.5,27
4,,
5,,
6,-0.4,23
7,-0.2,24
8,1.1,25
9,-0.7,26
10,-0.1,27
11,,
12,0.4,23
13,0.8,24
14,-0.8,25
15,,
16,0.2,24
17,,
18,-0.5,26
19,0.7,27
20,0.9,28
21,,
22,0.1,25
23,0.8,26
24,2.0,27
25,2.0,28
26,1.3,29
27,0.4,30
28,-0.5,31
29,,
30,0.4,26
31,0.0,27
32,-0.2,31
33,,
34,-0.5,24
35,-0.9,25
36,0.1,28
37,0.1,29
38,,
39,0.2,23
40,-0.1,24
41,2.9,25
42,,
43,1.5,24
44,,
45,0.5,23
46,-0.7,24
47,2.0999999999999996,25
48,1.8,26
49,3.4,27
50,2.9000000000000004,28
51,4.5,29
52,3.1999999999999997,30
53,0.09999999999999998,31
54,-0.7,32
55,-1.4,33
56,,
57,0.1,26
58,-0.19999999999999998,27
59,-0.2,28
60,-0.2,29
61,0.2,30
62,1.5,31
63,0.5,32
64,1.2,33
65,,
66,0.5,24
67,-0.30000000000000004,25
68,0.09999999999999998,26
69,3.7,27
70,5.0,28
71,5.5,29
72,1.6,30
73,1.1,31
74,-1.1,32
75,0.7999999999999999,33
76,1.3,34
77,-0.7,35
78,1.7000000000000002,36
79,0.6000000000000001,37
80,,
81,-1.3,24
82,-0.1,25
83,2.0,26
84,1.1,27
85,1.0,28
86,-0.8,29
87,0.9,30
88,-0.1,31
89,-1.1,32
90,,
91,0.5,22
92,0.4,23
93,0.6,24
94,0.3,25
95,0.4,26
96,0.4,27
97,-0.4,28
98,0.1,30
99,,
100,0.6,24
101,1.6,25
102,1.1,26
103,-0.2,27
104,0.0,28
105,0.8,29
106,0.30000000000000004,30
107,0.2,31
108,,
109,1.5,22
110,-0.2,23
111,4.2,24
112,9.7,25
113,4.2,26
114,,
115,0.1,27
116,0.3,28
117,0.0,30
118,,
119,1.4,21
120,1.9,22
121,5.0,23
122,-0.1,24
123,1.0,25
124,-0.30000000000000004,26
125,,
126,3.1,23
127,3.5,24
128,0.7,25
129,0.9,26
130,0.3,27
131,3.0,28
132,3.6,29
133,2.4,30
134,2.6,31
135,0.0,32
136,-0.6,33
137,0.2,34
138,-0.3,35
139,1.0,36
140,-0.3,37
141,,
142,-0.2,24
143,-0.1,25
144,0.0,26
145,,
146,0.0,22
147,0.1,23
148,-0.4,24
149,1.2,25
150,-0.6000000000000001,26
151,0.0,30
152,-0.6,32
153,2.7,33
154,-0.8,34
155,,
156,-0.1,24
157,0.2,27
158,-0.2,28
159,,
160,0.1,28
161,-0.4,29
162,-0.1,30
163,,
164,,
165,0.0,23
166,0.9,24
167,1.0,25
168,-0.6,26
169,,
170,0.2,28
171,,
172,0.5,23
173,-0.3,24
174,-0.7999999999999999,25
175,-0.5,26
176,0.19999999999999998,27
177,-0.9,28
178,0.29999999999999993,29
179,,
180,0.7000000000000001,27
181,0.0,28
182,,
183,0.7,25
184,1.6,26
185,-1.4,27
186,-0.1,28
187,-1.2,29
188,,
189,3.0,22
190,1.0,23
191,0.1,24
192,1.6,25
193,0.7999999999999999,26
194,0.6,27
195,0.4,28
196,-1.3,29
197,-0.7,30
198,-0.8,31
199,,
200,-0.2,28
201,0.1,29
202,0.8,30
203,,
204,0.1,28
205,0.7,29
206,0.1,30
207,0.3,31
208,,
209,0.4,22
210,0.8,23
211,-0.5,24
212,-0.2,27
213,-0.3,31
214,-0.5,32
215,,
216,0.7,25
217,-1.1,26
218,0.7999999999999999,27
219,0.7,28
220,0.4,29
221,,
222,-0.7,24
223,1.0,26
224,2.3,27
225,1.3,28
226,0.8,29
227,1.0,30
228,0.3,31
229,2.5,32
230,2.3,33
231,,
232,0.0,24
233,0.1,26
234,0.3,27
235,,
236,0.1,25
237,0.0,26
238,0.0,27
239,0.2,28
240,,
241,-0.1,23
242,1.7,24
243,3.5,25
244,3.0,26
245,6.7,27
246,6.4,28
247,1.0,30
248,6.5,31
249,6.3999999999999995,32
250,0.8,33
251,2.1,34
252,0.8,35
253,0.1,36
254,1.9000000000000001,37
255,,
256,-0.3,24
257,1.1,25
258,1.4,26
259,2.8,27
260,-0.5,28
261,1.4,29
262,1.0,30
263,-0.2,31
264,,
265,-0.1,23
266,-0.3,24
267,0.0,27
268,-0.4,29
269,,
270,-0.30000000000000004,24
271,,
272,0.1,22
273,-0.1,23
274,1.1,24
275,-0.5,25
276,0.6,26
277,2.7,27
278,2.3,28
279,-0.1,29
280,,
281,0.0,24
282,,
283,0.1,22
284,0.1,25
285,1.7999999999999998,26
286,,
287,-0.3,20
288,,
289,0.0,24
290,0.2,26
291,1.2000000000000002,27
292,,
293,-0.2,22
294,0.3,24
295,-0.1,25
296,,
297,2.9,32
298,0.4,33
299,2.2,34
300,1.1,35
301,,
302,1.5,25
303,0.9,26
304,0.2,27
305,1.8,28
306,0.3,29
307,-0.1,30
308,0.5,31
309,,
310,-0.1,21
311,0.8,22
312,-0.5,23
313,0.3,24
314,-0.2,25
315,0.0,26
316,1.4,27
317,1.4,28
318,5.7,29
319,5.2,30
320,1.0,31
321,6.8,32
322,2.3,33
323,4.3,34
324,2.6,35
325,2.9,36
326,3.0,37
327,4.7,38
328,-1.2000000000000002,39
329,,
330,-0.2,28
331,-0.4,29
332,0.5,30
333,1.1,31
334,1.4,32
335,2.3,33
336,-0.3,34
337,1.4,35
338,0.5,36
339,-0.4,37
340,,
341,1.2,25
342,-0.1,26
343,-0.1,27
344,0.5,28
345,0.7,29
346,0.09999999999999998,30
347,0.2,31
348,0.4,32
349,0.3,33
350,0.6,34
351,2.0,35
352,0.3,37
353,0.1,38
354,,
355,-0.6,23
356,-1.0,24
357,3.6,25
358,0.1,27
359,-0.30000000000000004,28
360,-0.3,29
361,0.1,30
362,-0.29999999999999993,31
363,,
364,-0.3,22
365,-0.2,25
366,-0.5,26
367,1.2,27
368,-0.4,28
369,1.4,29
370,0.0,30
371,-1.2,31
372,1.9000000000000001,32
373,1.0,33
374,0.5,34
375,-1.4,35
376,0.6,36
377,0.7,37
378,-0.6,38
379,-0.4,39
380,,
381,0.1,23
382,0.0,24
383,2.6,25
384,2.0,26
385,0.1,27
386,-0.6,28
387,0.9,29
388,-0.2,30
389,1.5,31
390,0.8,32
391,-0.09999999999999998,33
392,-0.6,34
393,,
394,,
395,,
396,-1.0,23
397,0.5,24
398,0.0,25
399,0.1,26
400,,
401,0.1,23
402,0.0,24
403,2.6,25
404,2.0,26
405,0.1,27
406,-0.6,28
407,0.9,29
408,-0.2,30
409,1.5,31
410,0.8,32
411,-0.09999999999999998,33
412,-0.6,34
413,,
414,-0.1,22
415,-0.2,23
416,0.6,24
417,-0.2,25
418,,
419,0.2,22
420,0.3,23
421,1.2,24
422,2.9,25
423,0.8,26
424,0.6,27
425,,
426,0.6,23
427,0.8,24
428,3.6999999999999997,25
429,4.1,26
430,-0.8,28
431,2.1999999999999997,29
432,1.2,30
433,-0.4,31
434,,
435,0.0,24
436,0.7,25
437,0.8,26
438,2.3,27
439,0.7,28
440,1.0999999999999999,29
441,1.1,30
442,,
443,0.8,20
444,0.5,21
445,0.4,22
446,5.4,23
447,3.0,24
448,3.8,25
449,6.4,26
450,4.1,27
451,3.3,29
452,0.7,30
453,,
454,-0.1,25
455,-0.9,26
456,,
457,-0.2,25
458,-0.1,26
459,1.1,27
460,,
461,1.2,25
462,-0.1,26
463,-0.1,27
464,0.5,28
465,0.7,29
466,0.09999999999999998,30
467,0.2,31
468,0.4,32
469,0.3,33
470,0.6,34
471,2.0,35
472,0.3,37
473,0.1,38
474,,
475,0.7,21
476,0.19999999999999998,22
477,-0.4,24
478,,
479,0.0,23
480,1.9,25
481,0.0,26
482,0.1,27
483,,
484,-0.2,26
485,0.5,27
486,1.8,28
487,2.0,29
488,0.3,30
489,1.3,31
490,-0.6,32
491,,
492,,
493,0.3,25
494,,
495,2.2,26
496,3.6,27
497,1.3,28
498,2.1,29
499,-0.6,30
500,0.9,31
501,0.0,32
502,-0.2,34
503,,
504,1.3,25
505,1.7,26
506,0.1,27
507,2.7,28
508,-1.2,29
509,0.0,30
510,-0.5,31
511,,
512,-0.2,24
513,-0.4,25
514,-0.6,28
515,-0.2,29
516,,
517,-0.2,27
518,-0.2,28
519,-0.4,29
520,0.5,30
521,0.7000000000000001,31
522,1.1,32
523,2.0,33
524,-0.5,34
525,-2.1,35
526,,
527,-0.1,22
528,-1.5,23
529,0.3,25
530,,
531,-0.2,25
532,-0.3,26
533,-0.2,28
534,0.0,29
535,,
536,-0.10000000000000003,22
537,-0.49999999999999994,23
538,0.7000000000000001,24
539,0.9,25
540,1.0,26
541,-0.1,27
542,1.4,28
543,-0.6,29
544,,
545,-1.1,23
546,-0.3,24
547,-0.9,25
548,0.0,28
549,0.0,29
550,,
551,-1.0,22
552,-0.1,23
553,1.0,24
554,-0.2,25
555,-0.6,26
556,-1.0,27
557,0.6000000000000001,29
558,0.30000000000000004,30
559,0.1,31
560,,
561,1.3,21
562,-0.8,22
563,0.2,23
564,,
565,-2.0,25
566,0.4,26
567,1.2,27
568,,
569,0.2,24
570,-1.5,25
571,-0.3,26
572,,
573,0.2,20
574,,
575,0.4,27
576,0.0,29
577,-0.3,30
578,0.5,31
579,,
580,3.7,25
581,2.1,26
582,0.6,27
583,-0.6,28
584,0.3,29
585,-0.2,31
586,-0.2,32
587,0.2,33
588,,
589,0.5,23
590,,
591,-0.2,23
592,0.4,24
593,-0.1,25
594,3.0999999999999996,26
595,2.3,27
596,-1.1,28
597,-0.6,29
598,4.8,30
599,0.8,31
600,2.5999999999999996,32
601,,
602,0.30000000000000004,24
603,1.6,25
604,-0.4,26
605,1.0,27
606,0.7,28
607,0.7,29
608,,
609,0.2,22
610,-0.3,23
611,,
612,-0.2,23
613,1.7999999999999998,24
614,0.0,25
615,-0.4,26
616,1.6,27
617,1.0,28
618,,
619,0.3,27
620,-1.2,28
621,0.3,29
622,,
623,-0.6,21
624,0.2,22
625,-0.1,24
626,0.1,25
627,0.0,26
628,-0.2,27
629,-0.6,29
630,,
631,-0.3,25
632,,
633,-0.2,21
634,-0.2,22
635,-1.7,23
636,-0.1,24
637,-1.3,25
638,-0.5,26
639,0.7,27
640,0.4,28
641,1.9,29
642,2.3,30
643,3.8,31
644,3.0,32
645,0.2,33
646,-0.5,34
647,,
648,,
649,0.2,25
650,-0.4,26
651,,
652,-0.5,23
653,-1.2000000000000002,24
654,-1.4,25
655,3.9999999999999996,26
656,5.0,27
657,3.6999999999999997,28
658,2.1,29
659,4.5,30
660,3.0,31
661,0.4,32
662,0.30000000000000004,33
663,1.2999999999999998,34
664,-0.6000000000000001,35
665,0.1,36
666,,
667,1.2,21
668,2.6,22
669,4.0,23
670,2.8000000000000003,24
671,4.7,25
672,3.6,26
673,1.4,27
674,2.3,28
675,4.5,29
676,3.5,30
677,0.9,31
678,0.7,32
679,-2.5,33
680,1.7,34
681,,
682,0.2,22
683,-3.3000000000000003,24
684,-0.8,26
685,,
686,-0.7,22
687,-0.1,23
688,,
689,2.9,23
690,5.6,24
691,8.4,25
692,2.3,26
693,2.4,27
694,3.5,28
695,3.4,29
696,3.3000000000000003,30
697,3.1,31
698,1.2000000000000002,32
699,6.2,33
700,1.8,34
701,3.6999999999999997,35
702,2.2,36
703,3.4,37
704,2.6,38
705,2.2,40
706,2.3,41
707,,
708,2.3,22
709,-1.2,23
710,-0.4,24
711,,
712,0.7999999999999999,24
713,1.5999999999999999,25
714,-1.8,26
715,0.2,27
716,-0.4,28
717,,
718,0.1,32
719,,
720,-0.4,24
721,,
722,3.4000000000000004,22
723,0.3,23
724,-0.4,24
725,1.5,25
726,2.8000000000000003,26
727,3.7,27
728,2.9,28
729,6.1,29
730,2.4,30
731,0.1,31
732,-1.0,32
733,-0.7,33
734,2.7,34
735,3.3000000000000003,35
736,,
737,-0.1,23
738,0.1,24
739,0.0,25
740,,
741,1.4,23
742,-0.7000000000000001,24
743,-0.4,25
744,-0.9,26
745,0.3,27
746,-0.3,29
747,0.2,30
748,1.0,31
749,,
750,-0.30000000000000004,24
751,1.4000000000000001,25
752,2.6999999999999997,26
753,0.4,28
754,2.4000000000000004,29
755,,
756,0.1,24
757,,
758,-0.1,22
759,-0.1,23
760,-0.3,24
761,0.2,26
762,-0.7,27
763,,
764,-0.30000000000000004,24
765,-0.3,25
766,-1.0999999999999999,26
767,,
768,0.30000000000000004,23
769,0.2,24
770,-1.4,25
771,1.2999999999999998,26
772,-0.5,27
773,,
774,-0.1,26
775,0.2,27
776,,
777,-0.1,23
778,1.1,25
779,-0.3,26
780,2.0,27
781,0.3,28
782,-0.1,29
783,-0.1,30
784,2.8,31
785,-0.4,32
786,0.10000000000000003,33
787,,
788,-0.2,24
789,0.2,25
790,-0.2,27
791,1.5,31
792,0.3,32
793,0.6,33
794,1.2,34
795,-0.5,35
796,-0.4,36
797,,
798,-0.2,25
799,0.4,26
800,-0.2,27
801,0.8,28
802,0.9,29
803,0.1,30
804,,
805,-0.3,25
806,0.0,26
807,1.5,27
808,0.5,28
809,0.9,29
810,0.9,30
811,-0.5,31
812,1.4,32
813,0.0,33
814,-0.1,34
815,-0.6,35
816,,
817,-0.5,23
818,0.1,24
819,1.7,25
820,-0.1,26
821,1.3,27
822,0.2,28
823,0.9,29
824,-0.2,30
825,-0.6,31
826,,
827,0.1,22
828,1.5,23
829,2.0,24
830,1.1,25
831,-0.4,26
832,0.7000000000000001,27
833,-0.5,28
834,0.7,29
835,0.8,30
836,0.8,31
837,-0.5,32
838,,
839,2.1,22
840,1.2,23
841,-1.0,24
842,,
843,1.8,28
844,-0.2,29
845,0.5,30
846,0.0,32
847,1.5,33
848,,
849,-0.5,22
850,0.8,23
851,3.5,24
852,0.1,25
853,0.9,26
854,,
855,0.1,22
856,-0.2,23
857,,
858,0.0,26
859,-0.2,27
860,,
861,0.3,25
862,2.6,26
863,0.4,27
864,-0.4,28
865,0.3,30
866,0.1,31
867,,
868,0.5,26
869,0.0,27
870,-0.2,28
871,0.1,29
872,-0.9,30
873,-0.2,31
874,0.2,32
875,,
876,0.5,21
877,-0.4,22
878,0.4,23
879,2.5,24
880,1.2,25
881,3.1999999999999997,26
882,2.4,27
883,1.0,28
884,2.0,29
885,1.7,30
886,3.4,31
887,-0.1,32
888,0.8,33
889,-0.9,34
890,-0.2,35
891,,
892,-0.3,25
893,-0.3,26
894,,
895,-0.1,25
896,4.1,26
897,-0.3,27
898,0.9,28
899,-1.5,29
900,-0.6,30
901,,
902,-0.19999999999999998,22
903,0.1,23
904,-0.2,24
905,-0.3,25
906,-0.8,26
907,,
908,0.0,26
909,-0.2,27
910,,
911,-0.2,20
912,0.0,23
913,1.3,24
914,-0.6,25
915,1.6,26
916,1.2,27
917,0.1,28
918,,
919,0.4,22
920,0.4,23
921,3.4,24
922,1.8,25
923,1.9,26
924,2.7,27
925,2.5999999999999996,28
926,1.0,29
927,1.6,30
928,1.6,31
929,,
930,0.2,26
931,-0.5,27
932,0.4,28
933,0.19999999999999996,29
934,,
935,0.3,26
936,,
937,-1.3,21
938,1.7,22
939,-0.7,23
940,0.1,24
941,-0.5,25
942,0.6,26
943,2.3,27
944,1.7,28
945,-0.6,29
946,0.6,30
947,2.5,31
948,2.7,32
949,0.4,33
950,-0.1,34
951,1.0,35
952,0.1,36
953,1.4,38
954,1.4,39
955,1.6,40
956,0.2,41
957,,
958,-0.4,26
959,-1.1,28
960,1.5,30
961,,
962,0.0,25
963,-0.3,26
964,,
965,-0.2,27
966,0.3,28
967,-0.7,29
968,0.0,32
969,,
970,-0.4,24
971,-0.2,25
972,-0.5,26
973,0.4,27
974,,
975,0.2,25
976,-0.1,26
977,,
978,-0.9,27
979,-0.3,28
980,0.3,29
981,,
982,-0.1,26
983,1.2,27
984,,
985,,
986,1.7,24
987,-0.9,25
988,-0.2,26
989,-0.7,27
990,,
991,3.4,22
992,4.4,23
993,7.1000000000000005,24
994,5.2,25
995,2.8,26
996,3.3,27
997,4.4,28
998,1.8,29
999,-0.1,30
1000,2.4,31
1001,0.9000000000000001,32
1002,-0.8999999999999999,33
1003,0.0,34
1004,-2.5,35
1005,-0.4,37
1006,,
1007,-0.2,24
1008,4.4,25
1009,4.4,26
1010,4.800000000000001,27
1011,4.6,28
1012,6.8999999999999995,29
1013,5.0,30
1014,1.2,31
1015,4.0,32
1016,-0.2,33
1017,-0.8,34
1018,0.1,35
1019,0.2,36
1020,1.5,38
1021,2.7,39
1022,5.5,40
1023,-0.19999999999999996,41
1024,1.2,42
1025,2.7,43
1026,-2.1,44
1027,0.30000000000000004,45
1028,,
1029,-0.5,22
1030,-0.2,24
1031,-0.3,28
1032,,
1033,-0.1,24
1034,0.5,25
1035,0.3,27
1036,,
1037,1.6,25
1038,0.09999999999999998,26
1039,-0.1,27
1040,,
1041,0.39999999999999997,22
1042,2.3000000000000003,23
1043,1.7999999999999998,24
1044,7.3,25
1045,2.9,26
1046,1.6,27
1047,2.5,28
1048,4.0,29
1049,0.30000000000000004,31
1050,0.19999999999999998,33
1051,,
1052,-0.5,30
1053,1.1,31
1054,1.7,32
1055,1.9,33
1056,-0.9,34
1057,-0.2,35
1058,,
1059,0.4,23
1060,-0.1,24
1061,1.0,25
1062,0.2,27
1063,0.9,28
1064,0.0,29
1065,,
1066,0.3,23
1067,0.5,24
1068,0.2,25
1069,1.4,26
1070,1.2,27
1071,1.7,28
1072,,
1073,,
1074,1.7,24
1075,2.5,25
1076,0.1,26
1077,1.8,27
1078,-0.7,28
1079,0.09999999999999998,29
1080,,
1081,-0.49999999999999994,26
1082,1.2000000000000002,27
1083,-1.6,28
1084,11.499999999999998,29
1085,0.1,30
1086,-0.7000000000000001,31
1087,0.2,32
1088,,
1089,,
1090,0.7,23
1091,-0.3,24
1092,0.0,25
1093,-1.2,26
1094,-0.6,27
1095,-0.2,28
1096,-0.4,29
1097,0.2,32
1098,1.3,33
1099,0.6,34
1100,0.2,35
1101,-1.8,36
1102,,
1103,1.0,27
1104,1.0,28
1105,0.4,29
1106,-0.3,30
1107,1.9,31
1108,0.5,32
1109,,
1110,-0.1,23
1111,0.5,24
1112,-0.5,25
1113,0.3,26
1114,-0.30000000000000004,27
1115,,
1116,1.0,26
1117,-1.2,27
1118,-0.4,28
1119,,
1120,-0.3,27
1121,0.7,28
1122,-0.1,29
1123,0.1,31
1124,1.8,32
1125,1.1,33
1126,0.3,34
1127,,
1128,0.8,23
1129,1.0,24
1130,7.199999999999999,25
1131,1.4,26
1132,,
1133,-0.7999999999999999,24
1134,1.3,25
1135,1.6,26
1136,1.4000000000000001,27
1137,-0.7,28
1138,,
1139,1.0,26
1140,0.19999999999999998,27
1141,2.0,28
1142,1.3,29
1143,4.1,30
1144,-0.3,31
1145,,
1146,0.1,24
1147,0.8,25
1148,0.0,27
1149,-0.1,28
1150,0.5,30
1151,-0.7,31
1152,0.4,32
1153,,
1154,-0.30000000000000004,27
1155,0.8,28
1156,-0.6,29
1157,-0.2,31
1158,,
1159,1.5,24
1160,1.1,25
1161,2.2,26
1162,0.7,27
1163,0.09999999999999998,28
1164,-0.2,29
1165,1.0,30
1166,1.6,31
1167,2.0,32
1168,1.7,33
1169,-0.1,34
1170,0.9,35
1171,-1.5,36
1172,,
1173,0.4,27
1174,-0.2,28
1175,0.6,29
1176,-0.6,30
1177,-0.4,31
1178,1.9,32
1179,2.5,33
1180,0.0,34
1181,-0.6,35
1182,,
1183,0.6,23
1184,-0.2,24
1185,1.8,25
1186,1.1,26
1187,1.3,27
1188,2.6,28
1189,0.6,29
1190,1.6,30
1191,1.4,31
1192,2.9,32
1193,-0.2,33
1194,0.3,35
1195,1.9,36
1196,1.2,37
1197,0.1,38
1198,,
1199,0.0,24
1200,0.7,25
1201,-0.3,26
1202,,
1203,0.5,24
1204,-0.1,26
1205,0.6,27
1206,0.6,28
1207,-0.1,29
1208,,
1209,0.5,30
1210,0.4,31
1211,,
1212,1.5,24
1213,1.1,25
1214,2.2,26
1215,0.7,27
1216,0.09999999999999998,28
1217,-0.2,29
1218,1.0,30
1219,1.6,31
1220,2.0,32
1221,1.7,33
1222,-0.1,34
1223,0.9,35
1224,-1.5,36
1225,,
1226,0.7,24
1227,1.5,25
1228,2.8,26
1229,2.5,27
1230,0.9,28
1231,0.3,29
1232,-0.4,30
1233,,
1234,,
1235,-0.2,27
1236,0.1,28
1237,0.3,29
1238,,
1239,0.0,23
1240,-0.9,24
1241,0.4,25
1242,0.1,26
1243,1.3,27
1244,0.8,28
1245,-0.1,29
1246,-0.9,30
1247,-0.1,31
1248,,
1249,0.6,25
1250,-0.1,26
1251,,
1252,-0.2,23
1253,0.3,25
1254,0.8,26
1255,-0.3,27
1256,-0.1,28
1257,1.5,29
1258,0.7,30
1259,0.4,31
1260,,
1261,-0.4,22
1262,1.5,23
1263,1.8,24
1264,-0.7,25
1265,3.2,26
1266,-1.0,27
1267,1.7,28
1268,3.0,29
1269,-0.1,30
1270,1.4,31
1271,1.6,32
1272,2.9000000000000004,33
1273,-1.5,34
1274,0.8,35
1275,-0.2,36
1276,0.6,37
1277,,
1278,1.4000000000000001,24
1279,-0.2,25
1280,-1.4,26
1281,-0.2,28
1282,,
1283,0.1,25
1284,0.4,27
1285,-0.1,28
1286,-0.2,31
1287,2.8,35
1288,,
1289,,
1290,0.1,24
1291,0.1,25
1292,1.8,26
1293,0.1,27
1294,-0.1,28
1295,0.4,29
1296,-0.9,30
1297,0.0,31
1298,,
1299,-0.2,25
1300,0.3,26
1301,-0.1,27
1302,0.5,28
1303,1.9,29
1304,2.4,30
1305,1.2,31
1306,0.4,32
1307,0.0,33
1308,,
1309,-0.19999999999999998,23
1310,-0.30000000000000004,24
1311,0.4,25
1312,,
1313,0.4,21
1314,-0.3,22
1315,0.30000000000000004,23
1316,0.3,24
1317,-0.9,25
1318,1.5999999999999999,26
1319,2.9,27
1320,0.9,28
1321,1.1,29
1322,,
1323,-0.1,24
1324,1.3,25
1325,0.6,26
1326,1.6,27
1327,-0.8,28
1328,,
1329,3.8,22
1330,2.8,23
1331,,
1332,0.7,26
1333,0.2,27
1334,,
1335,0.1,25
1336,0.8,26
1337,3.8,27
1338,2.0,28
1339,-1.0,29
1340,1.2,30
1341,2.4,31
1342,-2.6,32
1343,1.1,33
1344,0.9,34
1345,-0.8,35
1346,,
1347,-0.5,25
1348,0.0,26
1349,1.0999999999999999,27
1350,-0.1,28
1351,-0.1,29
1352,,
1353,,
1354,0.6,23
1355,0.0,25
1356,-0.7,26
1357,0.0,27
1358,0.2,28
1359,3.2,29
1360,0.8,30
1361,1.1,31
1362,,
1363,0.2,22
1364,2.7,23
1365,0.0,24
1366,2.8,25
1367,2.3000000000000003,26
1368,2.5,27
1369,3.2,28
1370,6.5,29
1371,-1.0,30
1372,1.5,31
1373,0.7,32
1374,-1.2000000000000002,33
1375,-0.8,34
1376,-0.39999999999999997,36
1377,,
1378,1.6,22
1379,3.5,23
1380,4.5,24
1381,5.3,25
1382,6.5,26
1383,6.2,27
1384,4.5,28
1385,0.6,29
1386,2.5,30
1387,5.800000000000001,31
1388,2.6999999999999997,32
1389,1.8,33
1390,,
1391,1.1,24
1392,0.19999999999999996,26
1393,-0.8,27
1394,,
1395,-0.6,23
1396,-0.2,25
1397,-0.5,26
1398,0.6,32
1399,-0.5,33
1400,,
1401,0.6,23
1402,0.6,24
1403,0.0,25
1404,-0.2,26
1405,-0.30000000000000004,27
1406,-0.4,28
1407,,
1408,0.2,26
1409,-0.39999999999999997,27
1410,,
1411,2.8,28
1412,1.7,29
1413,0.7,30
1414,0.8999999999999999,31
1415,1.5,32
1416,1.7,33
1417,0.3,34
1418,2.1,35
1419,2.2,36
1420,-0.8,37
1421,0.0,38
1422,,
1423,-0.3,23
1424,0.3,24
1425,-0.4,25
1426,0.9,26
1427,1.5,27
1428,1.3,28
1429,2.4,29
1430,0.0,30
1431,0.9,31
1432,0.7,32
1433,1.8,33
1434,-0.9,34
1435,,
1436,-0.2,25
1437,,
1438,-0.6,25
1439,-0.3,28
1440,,
1441,0.0,27
1442,,
1443,0.6,26
1444,-0.1,27
1445,,
1446,-0.1,24
1447,-0.2,25
1448,1.0,26
1449,1.0,27
1450,0.7,28
1451,0.8999999999999999,29
1452,-0.30000000000000004,30
1453,-0.5,31
1454,,
1455,0.0,23
1456,1.2000000000000002,24
1457,2.1,25
1458,-0.3,26
1459,-0.3,28
1460,,
1461,0.5,27
1462,,
1463,0.2,24
1464,-1.0,25
1465,1.4,26
1466,-0.4,27
1467,,
1468,0.9,23
1469,0.6,24
1470,0.09999999999999998,25
1471,0.7,26
1472,,
1473,1.3,25
1474,-1.0,26
1475,-0.4,27
1476,-0.5,28
1477,-0.7000000000000001,29
1478,-0.5,30
1479,-0.19999999999999998,31
1480,0.6,32
1481,,
1482,0.2,21
1483,0.5000000000000001,22
1484,2.0,23
1485,0.1,24
1486,-0.7,25
1487,,
1488,0.3,26
1489,-0.3,27
1490,-0.6,28
1491,0.3,29
1492,0.1,30
1493,,
1494,-0.2,25
1495,-0.2,26
1496,0.1,27
1497,1.1,28
1498,0.8,29
1499,-0.2,30
1500,1.1,31
1501,1.7999999999999998,32
1502,0.20000000000000007,33
1503,1.8,34
1504,,
1505,0.1,26
1506,-0.7,27
1507,,
1508,0.4,21
1509,-0.5,22
1510,0.7,23
1511,-0.1,24
1512,0.8,25
1513,0.1,26
1514,0.1,27
1515,0.6,28
1516,1.1,29
1517,-1.2,30
1518,0.8,31
1519,,
1520,1.0,21
1521,-0.2,22
1522,0.4,23
1523,-1.2,25
1524,1.2000000000000002,26
1525,2.1,27
1526,0.1,28
1527,1.9,29
1528,1.7,30
1529,-1.4,31
1530,1.2999999999999998,32
1531,-0.5,33
1532,,
1533,-1.1,22
1534,-0.6,23
1535,0.7,24
1536,-0.2,25
1537,-1.2,26
1538,-1.2,27
1539,,
1540,1.2,21
1541,1.1,22
1542,0.6,23
1543,0.4,24
1544,0.7000000000000001,25
1545,3.3,27
1546,2.1,28
1547,-0.5,29
1548,1.1,30
1549,-0.3,31
1550,-0.1,32
1551,0.7,33
1552,-0.2,34
1553,,
1554,1.0,25
1555,0.6,26
1556,0.1,27
1557,0.1,28
1558,1.2,29
1559,-0.4,30
1560,,
1561,1.0,22
1562,1.0,23
1563,0.2,24
1564,1.7,25
1565,1.2999999999999998,26
1566,3.1,27
1567,-0.5,28
1568,-0.3,29
1569,0.9,30
1570,0.4,31
1571,1.1,32
1572,1.4,33
1573,,
1574,5.8,24
1575,2.8000000000000003,25
1576,4.4,26
1577,6.9,27
1578,5.9,28
1579,5.3999999999999995,29
1580,-0.2,30
1581,,
1582,0.6,24
1583,0.5,25
1584,3.4,26
1585,,
1586,-0.1,24
1587,-1.2000000000000002,25
1588,0.5,28
1589,0.9,29
1590,3.2,30
1591,,
1592,1.7,30
1593,3.4,31
1594,1.0,32
1595,0.5,33
1596,0.6,34
1597,0.6,35
1598,-0.5,36
1599,0.8,37
1600,-0.4,38
1601,,
1602,-0.1,23
1603,,
1604,0.5,26
1605,1.8,27
1606,0.6000000000000001,28
1607,1.0,29
1608,,
1609,,
1610,,
1611,-0.1,22
1612,2.2,23
1613,1.3,24
1614,-0.4,25
1615,1.3,26
1616,1.3,27
1617,1.2,28
1618,0.3,29
1619,0.5,30
1620,-0.9,31
1621,,
1622,-0.4,25
1623,-0.2,26
1624,,
1625,0.6,24
1626,,
1627,-0.1,21
1628,0.7000000000000001,22
1629,0.1,23
1630,2.8,24
1631,3.7,25
1632,0.7,26
1633,0.39999999999999997,27
1634,0.6,28
1635,5.1000000000000005,29
1636,0.4,30
1637,0.7000000000000001,31
1638,-0.6,32
1639,,
1640,2.1,23
1641,0.8,24
1642,0.2,25
1643,-0.5,26
1644,,
1645,-0.2,25
1646,,
1647,2.9,24
1648,1.2,25
1649,0.30000000000000004,26
1650,0.4,27
1651,-0.5,28
1652,1.9,29
1653,0.09999999999999998,30
1654,2.2,31
1655,1.8,32
1656,0.4,33
1657,-1.1,34
1658,-0.39999999999999997,35
1659,1.4000000000000001,36
1660,0.1,38
1661,,
1662,,
1663,0.6000000000000001,25
1664,2.9,26
1665,0.1,27
1666,1.5,28
1667,-0.2,29
1668,,
1669,-0.2,26
1670,0.3,27
1671,-0.4,28
1672,,
1673,-1.2,26
1674,0.5,27
1675,1.6,28
1676,0.4,29
1677,1.3,30
1678,-0.4,31
1679,0.6,32
1680,1.4,33
1681,-0.4,34
1682,0.1,35
1683,,
1684,-0.9,21
1685,0.2,22
1686,-1.0,23
1687,0.1,24
1688,-0.2,25
1689,0.7,26
1690,-0.4,27
1691,0.30000000000000004,28
1692,3.7,29
1693,3.2,30
1694,3.3000000000000003,31
1695,-0.09999999999999998,32
1696,,
1697,0.2,22
1698,-1.6,23
1699,1.1,24
1700,0.2,25
1701,1.6,26
1702,0.7,27
1703,-0.9,28
1704,-0.3,29
1705,0.1,30
1706,,
1707,0.4,25
1708,0.2,26
1709,-0.5,27
1710,-0.6,28
1711,0.30000000000000004,29
1712,0.2,30
1713,,
1714,0.3,24
1715,-0.7,25
1716,0.4,26
1717,-0.5,27
1718,-0.4,29
1719,0.5,30
1720,,
1721,1.6,26
1722,3.6,27
1723,0.1,28
1724,-1.1,29
1725,0.6,30
1726,1.3,31
1727,0.3,32
1728,0.2,33
1729,1.2999999999999998,34
1730,-1.6,35
1731,,
1732,-0.1,25
1733,,
1734,0.2,21
1735,-0.6,26
1736,-0.3,27
1737,0.1,28
1738,0.0,29
1739,-0.2,30
1740,,
1741,-0.5,23
1742,-0.3,24
1743,1.2,26
1744,0.0,27
1745,0.6,28
1746,-0.1,29
1747,,
1748,0.1,25
1749,0.3,26
1750,2.1,27
1751,-0.3,28
1752,2.7,29
1753,1.8,30
1754,1.1,31
1755,2.1,32
1756,0.4,33
1757,0.8999999999999999,34
1758,0.2,35
1759,-0.8999999999999999,36
1760,,
1761,,
1762,2.5,29
1763,-1.4000000000000001,30
1764,2.0,31
1765,3.9,32
1766,2.0999999999999996,33
1767,-0.1,34
1768,-0.4,35
1769,,
1770,0.7,22
1771,2.8,23
1772,-2.3,24
1773,0.0,25
1774,0.6,26
1775,0.1,27
1776,0.9,28
1777,-0.7,29
1778,,
1779,-0.4,22
1780,-0.4,23
1781,0.6000000000000001,24
1782,-0.6,25
1783,0.5,26
1784,0.19999999999999998,27
1785,0.5,28
1786,-0.2,29
1787,0.1,30
1788,,
1789,-0.1,24
1790,2.8,25
1791,4.2,26
1792,1.9,27
1793,2.1,28
1794,0.2,29
1795,0.20000000000000004,30
1796,-0.4,31
1797,1.3,33
1798,-1.7,34
1799,0.6,35
1800,0.8999999999999999,36
1801,-1.4,37
1802,0.1,38
1803,,
1804,0.1,30
1805,,
1806,,
1807,-1.0,24
1808,0.2,26
1809,-0.3,27
1810,0.3,28
1811,-0.2,29
1812,0.0,30
1813,,
1814,-0.2,21
1815,-0.6,22
1816,0.7000000000000001,23
1817,0.19999999999999996,24
1818,-0.30000000000000004,25
1819,,
1820,0.0,27
1821,-0.2,28
1822,-0.3,29
1823,1.6,30
1824,1.5,31
1825,0.2,32
1826,-0.3,33
1827,,
1828,-0.6,24
1829,0.2,28
1830,-0.4,29
1831,0.1,33
1832,,
1833,0.7,28
1834,-0.2,29
1835,,
1836,-0.1,24
1837,-0.1,29
1838,0.1,33
1839,1.4,34
1840,1.8,35
1841,-0.4,36
1842,0.6,37
1843,1.0,38
1844,0.9,39
1845,0.1,40
1846,,
1847,-0.1,25
1848,0.0,31
1849,,
1850,0.4,26
1851,-0.8,27
1852,0.6,28
1853,0.4,29
1854,-0.6,30
1855,,
1856,0.2,29
1857,-0.2,30
1858,0.6,32
1859,0.3,36
1860,,
1861,0.6,24
1862,-0.2,25
1863,-0.1,27
1864,0.7,28
1865,0.7,29
1866,1.0,30
1867,-0.1,31
1868,-1.3,32
1869,-1.1,33
1870,,
1871,1.6,27
1872,2.0,28
1873,-0.9,29
1874,-0.5,30
1875,,
1876,0.0,22
1877,0.2,23
1878,-0.49999999999999994,24
1879,-1.7,25
1880,-1.1,26
1881,-1.1,27
1882,0.5,28
1883,0.2,30
1884,-0.8000000000000002,31
1885,,
1886,-0.3,24
1887,0.9,25
1888,0.3,26
1889,1.5,27
1890,2.6999999999999997,28
1891,0.4,29
1892,-0.1,30
1893,0.6,31
1894,-0.5,32
1895,,
1896,0.7,26
1897,-0.49999999999999994,27
1898,-0.4,28
1899,-0.2,29
1900,-0.2,31
1901,-0.2,32
1902,,
1903,-0.1,22
1904,,
1905,-0.1,24
1906,0.0,25
1907,-0.6,26
1908,-0.7999999999999999,27
1909,,
1910,-1.1,23
1911,0.0,24
1912,0.0,25
1913,0.5,26
1914,2.5,27
1915,2.5,28
1916,7.0,29
1917,3.3,30
1918,1.9,31
1919,2.1,32
1920,2.4,33
1921,-1.4000000000000001,34
1922,2.9,35
1923,1.7000000000000002,36
1924,0.7,37
1925,-1.6,40
1926,,
1927,,
1928,-0.6,25
1929,-0.4,26
1930,-0.2,27
1931,0.0,28
1932,,
1933,0.1,21
1934,-0.1,22
1935,2.7,23
1936,-0.7000000000000001,24
1937,-0.5,25
1938,0.0,26
1939,1.3,27
1940,3.1,28
1941,-1.0999999999999999,29
1942,-0.3,30
1943,0.30000000000000004,32
1944,3.0,33
1945,2.0,34
1946,0.6,35
1947,1.9,36
1948,-1.1,37
1949,-0.4,38
1950,,
1951,0.5,22
1952,-0.8,24
1953,1.1,25
1954,-1.0,26
1955,-1.2,27
1956,,
1957,0.0,20
1958,,
1959,0.3,22
1960,,
1961,-0.3,24
1962,0.1,26
1963,0.0,27
1964,0.1,28
1965,-0.1,29
1966,,
1967,-0.4,24
1968,,
1969,0.3,23
1970,-0.6,24
1971,0.4,25
1972,-0.3,26
1973,-0.6,27
1974,,
1975,0.0,25
1976,0.4,26
1977,2.0,27
1978,0.3,28
1979,0.2,29
1980,-0.3,30
1981,,
1982,1.2,23
1983,-1.3,24
1984,0.0,25
1985,0.0,26
1986,0.1,27
1987,3.2,28
1988,-0.7,29
1989,-0.5,30
1990,,
1991,0.4,23
1992,0.2,24
1993,0.7,25
1994,1.9,26
1995,1.2,27
1996,1.2,28
1997,0.5,29
1998,-1.1,30
1999,0.5,31
2000,,
2001,0.4,26
2002,-0.9,27
2003,0.5,28
2004,,
2005,0.5,24
2006,1.1,25
2007,0.0,26
2008,0.4,27
2009,0.5,28
2010,0.4,29
2011,0.1,30
2012,-0.4,31
2013,,
2014,-0.3,24
2015,0.9,25
2016,0.3,26
2017,1.5,27
2018,2.6999999999999997,28
2019,0.4,29
2020,-0.1,30
2021,0.6,31
2022,-0.5,32
2023,,
2024,-0.5,23
2025,-1.0,24
2026,0.2,25
2027,-0.4,26
2028,0.6,27
2029,1.5,28
2030,,
2031,0.5,24
2032,-0.30000000000000004,25
2033,0.8,26
2034,1.2,27
2035,2.0,28
2036,2.1,29
2037,-2.0,30
2038,0.3999999999999999,31
2039,0.4,32
2040,0.1,33
2041,,
2042,0.0,25
2043,0.1,28
2044,0.0,29
2045,0.3,31
2046,,
2047,-0.3,21
2048,-0.2,22
2049,-0.5,27
2050,-0.7,29
2051,0.7999999999999999,30
2052,-1.0,31
2053,0.0,33
2054,0.9,36
2055,-0.2,37
2056,,
2057,-0.7,26
2058,-0.1,27
2059,0.8,28
2060,-0.9,29
2061,1.6,30
2062,0.5,31
2063,0.9,32
2064,0.0,33
2065,-0.1,34
2066,1.1,35
2067,2.8,36
2068,0.1,37
2069,0.3,38
2070,0.30000000000000004,39
2071,,
2072,,
2073,-0.6,25
2074,1.1,26
2075,0.4,27
2076,0.8999999999999999,28
2077,0.8,29
2078,-0.4,30
2079,1.5,31
2080,0.4,32
2081,,
2082,0.0,20
2083,0.4,21
2084,3.1,22
2085,4.1,23
2086,2.9,24
2087,-0.3,25
2088,1.2000000000000002,26
2089,0.2,27
2090,-1.1,28
2091,,
2092,,
2093,,
2094,-0.7,24
2095,0.3,25
2096,1.7,26
2097,-1.3,27
2098,1.7,28
2099,4.9,29
2100,5.0,30
2101,1.0,31
2102,3.6,32
2103,-0.2,33
2104,1.5,34
2105,,
2106,,
2107,-0.3,24
2108,-0.2,25
2109,,
2110,0.1,23
2111,4.2,24
2112,4.4,25
2113,2.8,26
2114,0.6,27
2115,1.9,28
2116,1.2,29
2117,-0.6000000000000001,30
2118,-1.9,31
2119,2.1,32
2120,-0.4,33
2121,0.4,35
2122,0.19999999999999998,36
2123,0.8,37
2124,,
2125,0.3,24
2126,,
2127,-0.1,27
2128,-0.8,28
2129,,
2130,0.3,21
2131,-0.19999999999999998,22
2132,,
2133,0.0,24
2134,-0.1,25
2135,,
2136,,
2137,1.3,26
2138,0.8,27
2139,0.0,28
2140,,
2141,0.19999999999999998,21
2142,-1.5,22
2143,-0.8,25
2144,1.7,26
2145,-0.2,27
2146,,
2147,-0.7,22
2148,-0.4,23
2149,1.4,24
2150,-0.3,25
2151,0.3,26
2152,0.6,27
2153,,
2154,0.0,23
2155,0.3,24
2156,1.6,25
2157,1.2,26
2158,-0.4,27
2159,,
2160,0.8,22
2161,0.2,23
2162,2.6999999999999997,24
2163,-0.6,25
2164,-0.6000000000000001,26
2165,2.1999999999999997,27
2166,5.8,28
2167,0.30000000000000004,29
2168,0.0,31
2169,0.0,32
2170,1.0,33
2171,4.0,34
2172,1.7,35
2173,-0.7999999999999999,36
2174,,
2175,0.1,23
2176,0.0,24
2177,-0.6,25
2178,0.30000000000000004,26
2179,0.3,27
2180,0.2,28
2181,1.6,30
2182,-0.3,31
2183,,
2184,-0.7,22
2185,0.7,23
2186,0.6,24
2187,-0.9,26
2188,4.1,27
2189,4.2,28
2190,3.0,29
2191,5.2,30
2192,3.7,31
2193,0.1,32
2194,,
2195,-0.4,23
2196,-0.1,24
2197,,
2198,0.1,23
2199,0.0,24
2200,1.5,26
2201,,
2202,0.2,26
2203,-0.30000000000000004,27
2204,-0.3,28
2205,,
2206,-0.7,24
2207,0.19999999999999998,25
2208,0.1,26
2209,,
2210,-0.10000000000000003,23
2211,2.9,24
2212,2.7,25
2213,1.6,26
2214,2.7,27
2215,0.6,28
2216,0.5,29
2217,-0.3,30
2218,-0.7,31
2219,,
2220,,
2221,0.4,24
2222,,
2223,2.8000000000000003,24
2224,1.8,26
2225,3.4,27
2226,-1.1,28
2227,-0.8,29
2228,,
2229,1.0,25
2230,-0.1,26
2231,1.7,27
2232,0.0,28
2233,1.1,29
2234,0.4,30
2235,-0.3,31
2236,0.2,34
2237,,
2238,1.6,22
2239,1.7,23
2240,1.3,24
2241,2.2,25
2242,0.1,26
2243,,
2244,0.1,23
2245,0.2,24
2246,0.1,25
2247,,
2248,0.7,23
2249,0.2,24
2250,3.8,25
2251,3.5,26
2252,-1.0,27
2253,2.5,28
2254,-2.0,29
2255,-0.9,30
2256,1.5999999999999999,31
2257,,
2258,-0.1,26
2259,-0.2,27
2260,0.5,29
2261,0.8,30
2262,0.8,31
2263,-0.4,32
2264,2.2,33
2265,0.3,34
2266,-0.1,35
2267,0.0,36
2268,,
2269,0.9000000000000001,22
2270,1.5,23
2271,0.6,24
2272,-0.8,25
2273,-0.2,26
2274,2.0,27
2275,1.4000000000000001,28
2276,1.4,29
2277,-0.30000000000000004,30
2278,0.7,31
2279,-1.2000000000000002,32
2280,,
2281,-0.7,20
2282,1.0999999999999999,21
2283,6.0,22
2284,7.199999999999999,23
2285,6.5,24
2286,5.7,25
2287,3.9,26
2288,5.4,27
2289,3.6,28
2290,2.9,29
2291,1.5,30
2292,0.7999999999999999,31
2293,,
2294,-0.3,22
2295,0.5,23
2296,-0.9,24
2297,-0.4,25
2298,,
2299,,
2300,0.2,21
2301,-0.7,22
2302,0.1,23
2303,1.4000000000000001,24
2304,-0.1,26
2305,,
2306,0.8,22
2307,-1.0,23
2308,-0.5,24
2309,-0.2,26
2310,,
2311,-0.7,23
2312,0.3,25
2313,-0.8,29
2314,,
2315,-0.3,25
2316,-0.1,26
2317,1.1,28
2318,0.6,29
2319,0.7,30
2320,1.0,31
2321,-0.30000000000000004,32
2322,-1.0,33
2323,,
2324,0.4,23
2325,0.9,24
2326,0.1,25
2327,-1.5999999999999999,26
2328,0.7,27
2329,0.3,28
2330,-1.7,29
2331,-0.1,30
2332,0.1,31
2333,,
2334,-0.1,24
2335,1.9,25
2336,-0.5,27
2337,0.9,28
2338,1.9,29
2339,1.8,30
2340,1.5,31
2341,0.1,32
2342,-0.1,33
2343,,
2344,-0.7,22
2345,-0.5,25
2346,-0.3,26
2347,0.1,28
2348,,
2349,0.2,25
2350,0.4,26
2351,,
2352,-0.19999999999999998,30
2353,-0.1,32
2354,,
2355,0.1,24
2356,-0.2,25
2357,0.0,26
2358,,
2359,-0.5,21
2360,0.6,23
2361,0.0,26
2362,0.2,28
2363,0.5,29
2364,0.30000000000000004,30
2365,,
2366,0.19999999999999998,25
2367,-0.7,26
2368,0.0,27
2369,0.7,28
2370,0.3,29
2371,0.4,30
2372,1.0,31
2373,-0.4,32
2374,,
2375,-0.7999999999999999,25
2376,-0.7,32
2377,,
2378,-0.6,24
2379,-1.1,25
2380,2.4,26
2381,1.2000000000000002,27
2382,0.5,28
2383,0.7,29
2384,-0.2,30
2385,,
2386,1.5,21
2387,3.4,22
2388,4.5,23
2389,1.5999999999999999,24
2390,3.8000000000000003,25
2391,0.8,26
2392,1.8,27
2393,0.1,28
2394,-0.30000000000000004,30
2395,,
2396,0.3,23
2397,-0.3,24
2398,0.4,25
2399,1.0,26
2400,1.6,27
2401,1.9,28
2402,0.4,29
2403,0.4,30
2404,1.2,31
2405,1.4,32
2406,1.7,33
2407,0.1,34
2408,,
2409,0.4,21
2410,1.9,22
2411,2.0,23
2412,1.8,24
2413,1.3,25
2414,0.1,26
2415,-0.2,28
2416,,
2417,0.1,21
2418,-1.5,22
2419,1.2,23
2420,-0.3,24
2421,-0.5,25
2422,-1.4,26
2423,0.2,28
2424,0.6,29
2425,1.4,30
2426,-0.1,31
2427,0.7,32
2428,-0.5,33
2429,0.3,34
2430,-0.8,35
2431,,
2432,0.7,20
2433,-0.1,21
2434,-0.9,22
2435,1.2,23
2436,1.4,24
2437,0.19999999999999996,25
2438,0.09999999999999992,26
2439,-1.0,27
2440,-0.6,28
2441,0.0,29
2442,1.4,30
2443,,
2444,0.0,23
2445,,
2446,-0.1,22
2447,0.1,24
2448,-0.1,26
2449,-0.6,27
2450,0.0,28
2451,-0.1,29
2452,,
2453,0.2,24
2454,0.6,25
2455,0.7,26
2456,0.0,27
2457,,
2458,0.4,24
2459,-0.7,25
2460,-0.9,26
2461,,
2462,0.5,25
2463,0.8,26
2464,1.1,27
2465,2.5,28
2466,1.8,29
2467,0.7,30
2468,-2.9000000000000004,31
2469,0.3,32
2470,-0.7,33
2471,1.7,34
2472,0.4,35
2473,0.0,36
2474,-0.1,37
2475,0.0,38
2476,,
2477,,
2478,0.5,24
2479,-0.4,25
2480,,
2481,,
2482,-0.2,23
2483,-0.7,24
2484,,
2485,-0.1,26
2486,,
2487,-0.4,23
2488,3.1,24
2489,6.0,25
2490,-0.5,26
2491,4.1,27
2492,2.4,28
2493,6.6,29
2494,3.8000000000000003,30
2495,0.19999999999999998,31
2496,1.7,32
2497,-0.9,33
2498,-0.1,34
2499,-1.3,35
2500,0.0,36
2501,,
2502,-0.9,25
2503,1.0,26
2504,0.2,27
2505,0.3,28
2506,0.7,29
2507,,
2508,0.2,22
2509,-0.2,23
2510,-0.30000000000000004,24
2511,0.19999999999999998,25
2512,-1.2000000000000002,26
2513,,
2514,-0.10000000000000003,27
2515,-0.3,29
2516,-0.2,30
2517,,
2518,0.5,26
2519,0.5,27
2520,0.7,28
2521,4.2,29
2522,0.8999999999999999,30
2523,1.7,31
2524,,
2525,,
2526,-0.4,25
2527,0.4,26
2528,0.1,27
2529,0.0,28
2530,-0.1,29
2531,,
2532,0.3,23
2533,-0.3,24
2534,0.4,25
2535,1.0,26
2536,1.6,27
2537,1.9,28
2538,0.4,29
2539,0.4,30
2540,1.2,31
2541,1.4,32
2542,1.7,33
2543,0.1,34
2544,,
2545,0.4,23
2546,1.2,24
2547,0.0,25
2548,0.6,26
2549,0.09999999999999998,27
2550,0.0,28
2551,,
2552,0.0,26
2553,-0.1,27
2554,0.2,28
2555,0.4,29
2556,0.2,30
2557,0.5,31
2558,0.0,32
2559,,
2560,,
2561,2.3,25
2562,5.9,26
2563,5.0,27
2564,2.0,28
2565,-1.5,29
2566,-0.4,31
2567,-0.4,32
2568,-0.7,33
2569,0.3,36
2570,,
2571,0.30000000000000004,22
2572,0.2,23
2573,-0.2,24
2574,0.2,26
2575,-0.4,34
2576,0.0,35
2577,,
2578,0.30000000000000004,22
2579,0.2,23
2580,-0.2,24
2581,0.2,26
2582,-0.4,34
2583,0.0,35
2584,,
2585,-0.2,23
2586,2.0,24
2587,2.5,25
2588,3.8,26
2589,1.9,27
2590,1.3,28
2591,0.7000000000000001,29
2592,0.9,30
2593,,
2594,0.6,25
2595,1.2,26
2596,-0.2,27
2597,0.5,29
2598,1.7999999999999998,30
2599,,
2600,0.1,26
2601,-0.3,27
2602,,
2603,-0.3,24
2604,0.3,26
2605,-0.4,27
2606,0.3,28
2607,-0.7,29
2608,-0.8,30
2609,0.0,34
2610,,
2611,-0.6,27
2612,0.1,28
2613,0.3,29
2614,1.1,30
2615,0.1,31
2616,0.1,32
2617,,
2618,0.19999999999999998,24
2619,0.5,25
2620,3.1,26
2621,3.1,27
2622,0.5,28
2623,0.6000000000000001,31
2624,0.30000000000000004,32
2625,2.0999999999999996,33
2626,-0.5,34
2627,0.0,35
2628,-1.1,36
2629,0.30000000000000004,37
2630,,
2631,-0.1,22
2632,1.9,23
2633,2.2,24
2634,-0.1,25
2635,3.2,26
2636,0.6,27
2637,2.9,29
2638,5.3999999999999995,30
2639,4.8999999999999995,31
2640,-0.1,32
2641,0.30000000000000004,33
2642,6.8,34
2643,2.7,35
2644,3.5,36
2645,0.2,37
2646,,
2647,0.3,22
2648,0.0,23
2649,0.5,24
2650,,
2651,0.0,26
2652,,
2653,-1.1,22
2654,-0.8,23
2655,-0.19999999999999998,24
2656,,
2657,-0.2,22
2658,-1.1,23
2659,-0.3,24
2660,,
2661,-0.30000000000000004,24
2662,1.2,25
2663,0.9,26
2664,2.4000000000000004,27
2665,1.6,28
2666,3.3,29
2667,-2.1,30
2668,-0.4,31
2669,-0.2,32
2670,2.7,36
2671,1.5,37
2672,1.0,38
2673,0.5,39
2674,-0.4,40
2675,,
2676,,
2677,-0.1,26
2678,1.7000000000000002,27
2679,-0.4,28
2680,-0.5,29
2681,,
2682,0.0,24
2683,0.7999999999999999,25
2684,0.8,27
2685,1.9000000000000001,28
2686,0.0,29
2687,,
2688,-0.9,30
2689,-0.2,31
2690,0.0,32
2691,,
2692,-0.2,25
2693,-0.4,26
2694,0.5,27
2695,-0.2,28
2696,-0.1,29
2697,-0.4,30
2698,,
2699,,
2700,0.0,29
2701,,
2702,0.0,24
2703,0.30000000000000004,27
2704,0.6000000000000001,28
2705,0.6,29
2706,-0.3,30
2707,0.1,31
2708,-0.2,33
2709,-0.5,34
2710,,
2711,-0.1,28
2712,,
2713,2.6999999999999997,23
2714,,
2715,0.4,22
2716,0.2,23
2717,2.6,24
2718,1.1,25
2719,0.7,26
2720,-0.3,27
2721,-0.1,28
2722,,
2723,0.1,24
2724,0.1,25
2725,3.5,26
2726,-0.8,27
2727,0.9,28
2728,-0.6,29
2729,,
2730,0.9,23
2731,2.0,24
2732,0.3,25
2733,-0.7,27
2734,0.7999999999999999,28
2735,-0.1,29
2736,,
2737,-0.2,27
2738,,
2739,0.0,25
2740,,
2741,0.4,23
2742,1.0,24
2743,0.5,25
2744,0.3,26
2745,0.5,27
2746,-1.4,28
2747,-0.7,29
2748,,
2749,-0.3,22
2750,0.3,23
2751,0.1,24
2752,-0.2,25
2753,0.39999999999999997,27
2754,0.1,28
2755,0.2,29
2756,-0.3,30
2757,,
2758,-0.30000000000000004,25
2759,0.6,26
2760,-0.2,27
2761,0.30000000000000004,28
2762,2.0,29
2763,2.5,30
2764,-0.8,31
2765,-0.2,32
2766,,
2767,1.2,21
2768,2.4,22
2769,5.7,23
2770,6.5,24
2771,6.1,25
2772,3.4,26
2773,4.9,27
2774,6.1,28
2775,6.9,29
2776,2.4,30
2777,,
2778,0.8,28
2779,1.8,29
2780,0.7000000000000001,30
2781,-0.7,31
2782,-0.5,32
2783,,
2784,-0.7,23
2785,-0.2,26
2786,0.5,28
2787,,
2788,,
2789,0.4,26
2790,0.7,28
2791,0.0,29
2792,-0.1,30
2793,,
2794,0.1,25
2795,1.2999999999999998,26
2796,-0.9,27
2797,-0.19999999999999998,28
2798,,
2799,0.5,21
2800,-0.1,22
2801,-0.2,23
2802,1.5,24
2803,3.6,25
2804,2.7,26
2805,0.5,27
2806,3.5,28
2807,-2.2,29
2808,-1.1,30
2809,,
2810,2.6,21
2811,0.2,22
2812,1.1,23
2813,0.30000000000000004,24
2814,-1.5,25
2815,-0.4,26
2816,0.1,28
2817,0.2,30
2818,-0.6,31
2819,,
2820,-1.5,22
2821,,
2822,-0.4,26
2823,0.8,27
2824,-0.7,28
2825,0.2,29
2826,0.1,30
2827,,
2828,0.1,24
2829,-0.8,26
2830,-0.1,27
2831,0.19999999999999998,28
2832,,
2833,0.6,23
2834,-0.1,24
2835,2.0,25
2836,4.9,26
2837,7.7,27
2838,4.1,28
2839,2.2,29
2840,7.1,30
2841,3.4,31
2842,3.0,32
2843,4.2,33
2844,3.1,34
2845,7.1000000000000005,35
2846,2.4,36
2847,4.4,37
2848,-0.1,38
2849,1.5999999999999999,39
2850,,
2851,0.4,21
2852,-0.5,22
2853,2.5,23
2854,0.2,24
2855,-0.7,25
2856,2.2,26
2857,-0.9,27
2858,1.0999999999999999,28
2859,1.0,29
2860,3.0,30
2861,0.7,31
2862,0.6,32
2863,-0.7,33
2864,,
2865,,
2866,0.1,22
2867,-0.5,23
2868,,
2869,-0.4,22
2870,2.5,23
2871,0.4,24
2872,0.1,25
2873,0.4,26
2874,0.0,27
2875,,
2876,1.4,25
2877,-0.9,26
2878,0.3,27
2879,0.8,28
2880,0.4,29
2881,-0.1,30
2882,1.4,31
2883,-0.5,32
2884,,
2885,1.0,22
2886,-1.2,23
2887,2.0,24
2888,5.699999999999999,25
2889,1.9,26
2890,0.5,27
2891,4.3,28
2892,-1.5,29
2893,2.6,30
2894,0.1,31
2895,-0.4,32
2896,2.4,33
2897,-0.4,34
2898,,
2899,1.4,25
2900,2.0999999999999996,26
2901,-0.8,27
2902,-0.6,28
2903,2.5,30
2904,-0.4,31
2905,-0.9,32
2906,,
2907,-0.5,25
2908,-0.5,26
2909,,
2910,-0.1,26
2911,0.3,27
2912,0.0,28
2913,0.1,29
2914,-0.1,30
2915,0.8,31
2916,0.1,32
2917,,
2918,-0.7,22
2919,,
2920,1.2,20
2921,4.6000000000000005,21
2922,5.199999999999999,22
2923,7.5,23
2924,6.800000000000001,24
2925,8.6,25
2926,8.2,26
2927,7.3999999999999995,27
2928,6.0,28
2929,5.300000000000001,29
2930,4.1,30
2931,3.2,31
2932,,
2933,-1.0,24
2934,-0.1,25
2935,0.3,26
2936,0.7,27
2937,-0.3,28
2938,,
2939,-0.4,24
2940,1.5,25
2941,1.2,26
2942,-0.2,27
2943,0.5,28
2944,-1.5999999999999999,29
2945,0.5,31
2946,0.30000000000000004,32
2947,0.7,33
2948,-1.0,34
2949,-0.2,35
2950,,
2951,0.2,24
2952,0.0,25
2953,,
2954,,
2955,-0.9,24
2956,-0.3,25
2957,1.3,26
2958,0.4,27
2959,1.0,28
2960,0.0,29
2961,0.4,30
2962,2.8000000000000003,31
2963,-1.0,32
2964,,
2965,0.4,23
2966,1.4,24
2967,2.2,25
2968,1.3,26
2969,1.8,27
2970,1.6,28
2971,0.0,29
2972,-0.2,30
2973,,
2974,2.5,24
2975,-0.8,25
2976,-0.7,28
2977,,
2978,-0.1,27
2979,-0.2,28
2980,,
2981,-0.8,25
2982,0.3,26
2983,-0.1,27
2984,,
2985,-1.6,23
2986,-0.1,24
2987,0.4,25
2988,0.2,26
2989,,
2990,0.4,25
2991,,
2992,-0.2,22
2993,-1.3,23
2994,0.4,24
2995,0.1,26
2996,-0.6,27
2997,3.8000000000000003,30
2998,1.8,31
2999,2.0,32
3000,-0.30000000000000004,34
3001,1.0,35
3002,2.4,36
3003,,
3004,2.3,22
3005,3.9999999999999996,23
3006,4.5,24
3007,2.1,25
3008,5.5,26
3009,6.300000000000001,27
3010,5.1,28
3011,4.1,29
3012,6.6000000000000005,30
3013,4.1000000000000005,31
3014,5.2,32
3015,3.0,33
3016,3.6,34
3017,3.1,35
3018,,
3019,-0.19999999999999998,25
3020,,
3021,0.3,29
3022,,
3023,0.0,25
3024,,
3025,0.1,24
3026,-0.30000000000000004,25
3027,,
3028,-0.1,22
3029,-0.4,23
3030,0.4,24
3031,-0.5,25
3032,-0.2,26
3033,-0.4,29
3034,,
3035,-1.0,25
3036,-0.8999999999999999,26
3037,3.8,27
3038,2.7,28
3039,0.8,29
3040,1.2,30
3041,2.1,31
3042,0.3,32
3043,,
3044,-0.7,28
3045,0.0,30
3046,,
3047,-0.4,25
3048,0.9,26
3049,,
3050,,
3051,0.0,24
3052,,
3053,0.4,26
3054,0.4,27
3055,,
3056,0.7,23
3057,-2.1999999999999997,24
3058,,
3059,-0.8,25
3060,0.3,26
3061,-0.1,27
3062,,
3063,-0.1,25
3064,-0.5,26
3065,1.5,27
3066,8.1,28
3067,4.2,29
3068,5.699999999999999,30
3069,8.0,31
3070,5.6000000000000005,32
3071,-0.4,33
3072,,
3073,-0.2,22
3074,0.8,23
3075,-0.2,24
3076,3.7,25
3077,0.4,26
3078,,
3079,-0.6,24
3080,-0.4,25
3081,,
3082,-0.9,25
3083,0.5,26
3084,0.2,27
3085,0.0,29
3086,0.0,30
3087,2.4,31
3088,0.8,32
3089,0.7999999999999999,33
3090,,
3091,0.4,25
3092,0.0,27
3093,0.5,28
3094,3.5,29
3095,3.5,30
3096,0.6,31
3097,0.9999999999999999,32
3098,-0.6,33
3099,2.0,34
3100,,
3101,0.0,25
3102,1.9000000000000001,26
3103,0.7000000000000001,27
3104,-0.3,31
3105,,
3106,-0.8,25
3107,-0.6,27
3108,0.3,28
3109,,
3110,,
3111,0.3,24
3112,0.3,25
3113,1.3,27
3114,1.2,28
3115,1.2,29
3116,0.5,30
3117,1.2000000000000002,31
3118,1.5,32
3119,-1.3,33
3120,0.4,34
3121,-0.2,35
3122,0.0,36
3123,,
3124,0.0,26
3125,-0.6,27
3126,-0.5,30
3127,0.3,31
3128,,
3129,-0.1,22
3130,,
3131,0.8,22
3132,2.5,23
3133,3.2,24
3134,3.1,25
3135,2.5,26
3136,1.3,27
3137,0.8,28
3138,3.6,29
3139,2.3,30
3140,-0.5,31
3141,,
3142,0.30000000000000004,25
3143,-0.2,26
3144,0.5,27
3145,2.1,28
3146,0.9,29
3147,0.2,30
3148,0.3,31
3149,1.8,33
3150,1.7,34
3151,1.1,35
3152,,
3153,-0.1,27
3154,-0.1,28
3155,0.7999999999999999,29
3156,0.0,30
3157,-0.1,31
3158,,
3159,-0.8,21
3160,-0.1,22
3161,1.2,23
3162,0.0,24
3163,5.9,25
3164,2.6,26
3165,1.1,27
3166,2.3000000000000003,28
3167,4.7,29
3168,6.3,30
3169,6.1000000000000005,31
3170,4.9,32
3171,5.199999999999999,33
3172,8.5,34
3173,8.5,35
3174,5.7,36
3175,7.8,37
3176,0.4,38
3177,5.6,39
3178,4.0,40
3179,,
3180,-0.1,25
3181,0.1,26
3182,3.6999999999999997,27
3183,-0.19999999999999998,28
3184,0.3,29
3185,1.3,30
3186,1.9,31
3187,2.3,32
3188,0.9,33
3189,1.9000000000000001,35
3190,0.0,36
3191,,
3192,-0.1,26
3193,,
3194,0.8,26
3195,0.0,27
3196,1.5999999999999999,28
3197,0.9,31
3198,1.6,32
3199,0.4,33
3200,-0.7,34
3201,-0.1,35
3202,,
3203,-0.7,25
3204,0.2,27
3205,,
3206,0.1,28
3207,0.2,29
3208,,
3209,0.30000000000000004,35
3210,,
3211,3.9999999999999996,26
3212,5.4,27
3213,0.4,28
3214,1.1,29
3215,-0.3,30
3216,-1.5,31
3217,0.0,32
3218,0.30000000000000004,33
3219,,
3220,0.4,22
3221,3.5999999999999996,23
3222,2.3,24
3223,-0.8,25
3224,-0.3,27
3225,-0.2,28
3226,-0.5,29
3227,-0.1,30
3228,-0.4,31
3229,2.0,32
3230,,
3231,0.0,28
3232,-0.2,29
3233,0.1,30
3234,0.3,31
3235,0.5,32
3236,1.1,33
3237,0.1,34
3238,,
3239,1.0,29
3240,0.2,30
3241,,
3242,0.2,25
3243,-0.6,26
3244,,
3245,-1.3,23
3246,0.5,24
3247,2.8,25
3248,2.5,26
3249,0.5,27
3250,,
3251,-0.1,24
3252,-0.1,25
3253,4.5,26
3254,6.5,27
3255,0.3,28
3256,3.9,29
3257,2.9,30
3258,1.9,31
3259,,
3260,-0.1,24
3261,0.1,26
3262,1.8,27
3263,3.8,28
3264,1.8,29
3265,0.6,30
3266,0.6,31
3267,1.3,32
3268,0.9,33
3269,-0.6,34
3270,0.2,35
3271,,
3272,0.5,23
3273,-0.1,24
3274,0.5,25
3275,0.0,26
3276,,
3277,-0.2,22
3278,0.19999999999999998,23
3279,3.4,24
3280,3.4,25
3281,4.6,26
3282,6.5,27
3283,7.0,28
3284,4.1,29
3285,4.3,30
3286,-0.2,31
3287,0.1,32
3288,-0.3,33
3289,2.3000000000000003,34
3290,,
3291,0.5,25
3292,0.4,26
3293,1.0,27
3294,0.1,28
3295,1.6,29
3296,0.8999999999999999,30
3297,0.5,31
3298,-0.5,32
3299,,
3300,0.3,24
3301,-0.2,25
3302,0.2,26
3303,0.3,27
3304,2.0,28
3305,1.4,29
3306,-1.3,30
3307,0.0,31
3308,-0.1,32
3309,,
3310,,
3311,0.0,22
3312,-0.5,23
3313,0.4,24
3314,-1.2,25
3315,0.3,26
3316,1.5,27
3317,-0.2,28
3318,0.6,29
3319,-0.5,30
3320,-0.3,31
3321,1.1,32
3322,0.8,33
3323,-0.1,34
3324,0.3,35
3325,,
3326,2.4,24
3327,-0.3,25
3328,1.4000000000000001,26
3329,-0.8,27
3330,-0.20000000000000004,28
3331,-0.8999999999999999,29
3332,-1.0,30
3333,0.6,31
3334,1.9,32
3335,-0.5,33
3336,-0.1,34
3337,-0.30000000000000004,35
3338,,
3339,-0.3,27
3340,1.4,28
3341,1.8,29
3342,-1.0,30
3343,2.5,31
3344,0.8,32
3345,-0.4,33
3346,0.0,34
3347,,
3348,3.2,24
3349,2.6,25
3350,1.7,26
3351,2.5,27
3352,0.0,28
3353,0.6,29
3354,1.5,30
3355,-0.7,31
3356,-0.30000000000000004,32
3357,1.1,33
3358,0.8,34
3359,0.9,35
3360,0.9,36
3361,-0.4,37
3362,0.4,38
3363,1.1,39
3364,0.4,40
3365,0.6,41
3366,,
3367,-0.9,22
3368,1.2,23
3369,0.0,24
3370,-0.3,25
3371,-0.1,26
3372,,
3373,0.4,24
3374,0.4,25
3375,-0.7000000000000001,26
3376,0.1,27
3377,-0.1,32
3378,,
3379,-0.2,23
3380,0.3,24
3381,0.6,25
3382,-0.6,26
3383,,
3384,-0.1,22
3385,0.7,23
3386,-0.1,24
3387,-1.0,25
3388,0.49999999999999994,26
3389,-0.6,29
3390,-0.1,33
3391,,
3392,-0.2,24
3393,-0.2,27
3394,,
3395,0.4,23
3396,1.5,24
3397,-1.0,25
3398,-0.1,26
3399,3.5999999999999996,27
3400,0.7999999999999999,28
3401,1.1,29
3402,-1.3,30
3403,,
3404,0.3,21
3405,0.2,22
3406,-0.3,23
3407,0.7,25
3408,0.6,26
3409,2.2,27
3410,2.0,28
3411,-0.5,29
3412,1.4,30
3413,1.0,31
3414,0.3,32
3415,0.3,33
3416,-0.4,34
3417,,
3418,-0.1,25
3419,0.2,26
3420,0.5,27
3421,0.2,28
3422,-0.3,29
3423,,
3424,-0.4,21
3425,-0.7,22
3426,-0.4,23
3427,1.4000000000000001,24
3428,-0.7,25
3429,-0.8999999999999999,26
3430,0.5,27
3431,0.1,28
3432,0.4,30
3433,0.0,31
3434,-1.0,32
3435,,
3436,0.6,24
3437,3.1,25
3438,1.2,26
3439,-0.7,27
3440,0.0,28
3441,,
3442,1.2,23
3443,1.1,24
3444,1.8,25
3445,0.7,26
3446,0.5,27
3447,-1.2000000000000002,28
3448,,
3449,0.0,25
3450,-0.2,29
3451,0.7,31
3452,0.3,32
3453,,
3454,0.0,24
3455,-0.1,25
3456,0.4,26
3457,0.8,27
3458,-0.1,28
3459,,
3460,-0.7999999999999999,27
3461,,
3462,-0.2,23
3463,0.3,24
3464,0.2,25
3465,0.0,26
3466,,
3467,0.4,22
3468,3.5999999999999996,23
3469,2.3,24
3470,-0.8,25
3471,-0.3,27
3472,-0.2,28
3473,-0.5,29
3474,-0.1,30
3475,-0.4,31
3476,2.0,32
3477,,
3478,0.3,26
3479,-0.6,27
3480,0.4,28
3481,0.0,29
3482,-0.1,31
3483,,
3484,-0.7999999999999999,23
3485,1.5,24
3486,0.8,25
3487,0.3,26
3488,,
3489,0.0,21
3490,0.5,22
3491,1.7,23
3492,0.5,24
3493,0.0,25
3494,2.9,26
3495,,
3496,0.8,26
3497,0.5,27
3498,,
3499,-0.4,25
3500,0.8,26
3501,-0.2,27
3502,0.3,28
3503,,
3504,0.2,23
3505,0.4,24
3506,-0.9,25
3507,0.0,26
3508,,
3509,0.3,25
3510,0.0,26
3511,,
3512,-0.1,26
3513,,
3514,-0.1,22
3515,0.4,23
3516,1.0,24
3517,3.8,25
3518,1.6,26
3519,4.0,27
3520,3.7,28
3521,1.1,29
3522,1.9,30
3523,,
3524,-0.1,24
3525,-0.1,26
3526,1.1,27
3527,-0.6,28
3528,0.5,29
3529,0.30000000000000004,30
3530,-0.1,31
3531,,
3532,0.0,22
3533,-0.5,23
3534,1.2,24
3535,1.7,25
3536,3.1,26
3537,1.1,27
3538,2.0,28
3539,-1.1,29
3540,-0.5,30
3541,-1.2,31
3542,-0.3,32
3543,,
3544,0.2,29
3545,,
3546,,
3547,1.2,23
3548,1.0,24
3549,3.3,25
3550,2.4,26
3551,1.2,27
3552,0.1,29
3553,,
3554,1.0,23
3555,2.6,24
3556,0.5,25
3557,0.8,26
3558,2.0,27
3559,-0.2,28
3560,-0.6,29
3561,0.9,31
3562,-0.5,32
3563,-0.8,33
3564,,
3565,0.6,24
3566,,
3567,-0.2,25
3568,-0.4,26
3569,0.2,27
3570,0.2,28
3571,,
3572,0.0,27
3573,,
3574,,
3575,-0.4,22
3576,-0.1,24
3577,1.4,25
3578,3.2,26
3579,1.2,27
3580,1.9,28
3581,0.0,29
3582,0.3,31
3583,0.1,32
3584,,
3585,-0.2,24
3586,-0.2,25
3587,1.1,26
3588,1.2,27
3589,-0.9,28
3590,2.8,29
3591,1.2,30
3592,0.3,31
3593,0.9,32
3594,0.6,33
3595,-1.0,34
3596,1.6,36
3597,0.0,37
3598,,
3599,0.1,25
3600,2.4,26
3601,2.4,27
3602,0.0,28
3603,2.5,29
3604,1.9,30
3605,2.4,31
3606,2.7,32
3607,0.5,33
3608,1.1,34
3609,0.4,35
3610,0.2,36
3611,,
3612,,
3613,-0.8,22
3614,0.0,23
3615,1.7,24
3616,-0.5,25
3617,-0.5,26
3618,0.9000000000000001,27
3619,5.300000000000001,28
3620,2.6,29
3621,1.7,30
3622,3.8000000000000003,31
3623,5.0,32
3624,0.9,33
3625,,
3626,-0.8,27
3627,0.2,28
3628,0.0,31
3629,,
3630,0.8,24
3631,0.8,25
3632,0.6,26
3633,1.7000000000000002,27
3634,-0.8,28
3635,-0.2,30
3636,0.9,31
3637,0.9,32
3638,1.7,33
3639,-1.9,34
3640,,
3641,-0.1,23
3642,0.6,24
3643,-1.1,25
3644,0.10000000000000003,26
3645,-0.3,27
3646,0.6,28
3647,3.0999999999999996,29
3648,1.5,30
3649,3.8000000000000003,31
3650,3.7,32
3651,3.6,33
3652,-0.8,34
3653,0.8999999999999999,35
3654,0.6000000000000001,36
3655,0.4,37
3656,,
3657,1.7,24
3658,1.0,25
3659,2.3000000000000003,26
3660,0.39999999999999997,27
3661,1.3,28
3662,-1.6,29
3663,-1.1,30
3664,-0.4,31
3665,-0.1,33
3666,,
3667,-0.30000000000000004,23
3668,0.8,24
3669,-0.30000000000000004,25
3670,,
3671,-0.1,21
3672,-0.5,22
3673,0.4,23
3674,-0.5,24
3675,-0.8,25
3676,-0.1,26
3677,-0.4,28
3678,-0.3,31
3679,0.3,32
3680,-0.6,33
3681,,
3682,0.2,25
3683,-0.2,26
3684,-0.1,27
3685,-0.4,29
3686,,
3687,-0.1,24
3688,0.3,25
3689,1.3,27
3690,-0.1,28
3691,2.3000000000000003,29
3692,0.9,30
3693,2.4000000000000004,31
3694,0.2,32
3695,-0.9999999999999999,33
3696,0.0,34
3697,,
3698,0.9,27
3699,2.6999999999999997,28
3700,0.7,29
3701,0.7,30
3702,2.7,31
3703,2.0,32
3704,2.0,33
3705,0.4,34
3706,0.6,35
3707,0.2,36
3708,,
3709,-0.6,20
3710,,
3711,-0.2,22
3712,0.6,24
3713,-0.4,25
3714,-0.3,26
3715,1.7,27
3716,0.7,28
3717,0.0,30
3718,-0.1,31
3719,-0.1,33
3720,,
3721,-0.2,24
3722,,
3723,1.4000000000000001,25
3724,-1.2,26
3725,,
3726,0.5,25
3727,-0.7000000000000001,26
3728,1.7999999999999998,27
3729,0.2,28
3730,0.2,29
3731,-0.1,33
3732,,
3733,-0.1,23
3734,0.8,24
3735,5.6,25
3736,1.9,26
3737,4.3,27
3738,4.300000000000001,28
3739,4.8,29
3740,7.2,30
3741,6.9,31
3742,7.0,32
3743,2.8,33
3744,6.7,34
3745,3.9,35
3746,5.1,36
3747,-0.9,37
3748,1.9,38
3749,-0.1,40
3750,,
3751,0.0,25
3752,-0.2,29
3753,0.7,31
3754,0.3,32
3755,,
3756,0.0,26
3757,-0.5,27
3758,0.0,28
3759,,
3760,-2.0,22
3761,,
3762,0.8,24
3763,0.8,25
3764,0.6,26
3765,1.7000000000000002,27
3766,-0.8,28
3767,-0.2,30
3768,0.9,31
3769,0.9,32
3770,1.7,33
3771,-1.9,34
3772,,
3773,0.1,24
3774,0.30000000000000004,25
3775,0.0,26
3776,,
3777,0.8,24
3778,-1.1,25
3779,,
3780,-0.1,21
3781,-0.2,22
3782,-0.6,23
3783,0.0,25
3784,,
3785,-0.2,24
3786,-1.1,25
3787,-0.3,26
3788,0.2,27
3789,-0.2,28
3790,0.5,29
3791,-0.2,30
3792,-0.5,31
3793,,
3794,,
3795,-0.1,23
3796,-0.6,25
3797,0.8,27
3798,1.2999999999999998,28
3799,-0.3,29
3800,,
3801,2.2,25
3802,-0.2,26
3803,-0.1,27
3804,0.0,28
3805,2.7,29
3806,0.5,30
3807,0.7,32
3808,,
3809,0.5,22
3810,0.9,23
3811,4.7,24
3812,3.3,25
3813,6.6,26
3814,2.5,27
3815,4.300000000000001,28
3816,6.100000000000001,29
3817,2.8,30
3818,1.7000000000000002,31
3819,4.2,32
3820,1.9000000000000001,33
3821,,
3822,-0.1,26
3823,-0.6,27
3824,0.3,28
3825,-0.30000000000000004,29
3826,0.8,31
3827,,
3828,-0.5,22
3829,1.2,24
3830,-0.1,25
3831,2.3,26
3832,1.3,27
3833,0.8,28
3834,0.8,29
3835,2.2,30
3836,-0.3,31
3837,-0.1,32
3838,-0.1,33
3839,,
3840,,
3841,-0.6,25
3842,-0.2,26
3843,,
3844,-0.1,21
3845,-0.1,22
3846,0.1,23
3847,-0.8,24
3848,-1.5,25
3849,-0.6,26
3850,-0.7,27
3851,-0.4,28
3852,0.7,29
3853,1.5,30
3854,2.6,31
3855,1.2,32
3856,2.2,33
3857,0.0,34
3858,0.9,35
3859,1.7,36
3860,1.9,37
3861,1.5,38
3862,0.39999999999999997,39
3863,,
3864,0.4,24
3865,-0.7,25
3866,2.1,26
3867,4.3,27
3868,3.1,28
3869,-1.9,29
3870,2.9,30
3871,2.7,31
3872,5.199999999999999,32
3873,2.9,33
3874,4.3,34
3875,4.8,35
3876,2.9,36
3877,4.8,37
3878,1.3,38
3879,3.6,39
3880,4.3,40
3881,2.7,41
3882,3.3000000000000003,42
3883,0.9,43
3884,-0.5,44
3885,,
3886,0.0,23
3887,-0.2,25
3888,3.7,26
3889,3.9,27
3890,1.2,28
3891,1.5,29
3892,1.5,30
3893,0.0,31
3894,,
3895,0.4,25
3896,1.3000000000000003,26
3897,1.2000000000000002,27
3898,0.9,28
3899,1.2,29
3900,-0.2,30
3901,0.4,31
3902,0.5,32
3903,1.3,33
3904,0.8,34
3905,2.0,35
3906,1.0,36
3907,-0.3,37
3908,0.1,38
3909,0.4,39
3910,,
3911,-0.1,22
3912,0.0,23
3913,,
3914,-0.2,30
3915,0.3,31
3916,1.0,32
3917,-0.3,33
3918,-0.4,34
3919,-0.4,35
3920,0.5,36
3921,0.0,37
3922,,
3923,-0.4,23
3924,0.3,24
3925,-0.3,25
3926,-0.7,26
3927,-0.09999999999999998,27
3928,-0.1,28
3929,0.4,29
3930,,
3931,0.3,22
3932,-1.0,23
3933,-0.8,24
3934,0.4,25
3935,4.5,26
3936,5.8,27
3937,4.7,28
3938,2.5,29
3939,1.2,30
3940,3.3,31
3941,1.7000000000000002,32
3942,0.8999999999999999,33
3943,-1.0,34
3944,,
3945,0.7000000000000001,20
3946,0.30000000000000004,21
3947,0.30000000000000004,22
3948,-0.4,23
3949,0.1,24
3950,0.09999999999999998,25
3951,-0.7,26
3952,0.6,27
3953,-0.5,28
3954,2.2,29
3955,0.3,30
3956,1.8,31
3957,0.5,32
3958,0.4,33
3959,-0.1,34
3960,,
3961,-0.4,26
3962,0.4,27
3963,0.0,28
3964,-0.2,30
3965,,
3966,2.3,26
3967,-1.3,27
3968,,
3969,-0.6,22
3970,0.6,23
3971,2.6,24
3972,1.3,25
3973,3.2,26
3974,1.6,27
3975,0.4,28
3976,0.9,29
3977,-1.5,30
3978,1.7,31
3979,-1.2000000000000002,32
3980,,
3981,1.4,25
3982,0.1,26
3983,-0.4,27
3984,0.1,28
3985,,
3986,-0.5,24
3987,0.7,25
3988,3.5,26
3989,3.5,27
3990,2.2,28
3991,7.3,29
3992,2.6999999999999997,30
3993,-0.6,31
3994,1.7,32
3995,4.5,33
3996,2.3,34
3997,4.6,35
3998,1.4,36
3999,2.3,37
4000,-0.5,38
4001,2.7755575615628914e-17,39
4002,-0.5,40
4003,,
4004,0.19999999999999998,24
4005,,
4006,0.3,22
4007,0.6,25
4008,0.2,26
4009,2.9,27
4010,-2.4,28
4011,0.2,29
4012,-0.7,30
4013,,
4014,0.8,23
4015,,
4016,,
4017,0.2,22
4018,-1.4,23
4019,0.6,24
4020,-1.6,25
4021,-0.8,26
4022,,
4023,1.0,24
4024,0.5,25
4025,,
4026,0.0,27
4027,-0.2,29
4028,,
4029,0.9,24
4030,0.49999999999999994,25
4031,0.9,26
4032,2.4,27
4033,0.5,28
4034,-0.8,29
4035,0.7,30
4036,0.7,31
4037,,
4038,-0.2,25
4039,-0.3,26
4040,0.0,27
4041,,
4042,0.0,24
4043,-0.5,25
4044,-0.1,26
4045,,
4046,-0.2,25
4047,,
4048,0.39999999999999997,24
4049,0.6,26
4050,,
4051,0.2,24
4052,-0.3,25
4053,2.0,26
4054,,
4055,1.4,22
4056,-0.7,23
4057,-0.3,24
4058,2.0,25
4059,0.0,26
4060,-0.5,27
4061,,
4062,0.4,25
4063,1.9,26
4064,-0.3,27
4065,0.0,28
4066,-1.2,29
4067,-0.2,30
4068,-0.9,31
4069,,
4070,-0.3,24
4071,0.6,27
4072,0.2,28
4073,-0.3,29
4074,-0.4,30
4075,,
4076,-0.1,24
4077,-0.1,25
4078,-0.3,26
4079,,
4080,-0.5,27
4081,0.9,28
4082,-0.6,29
4083,2.3000000000000003,30
4084,0.6,31
4085,1.2,32
4086,0.0,33
4087,-0.4,34
4088,,
4089,0.8,25
4090,0.7,26
4091,0.0,27
4092,0.3,28
4093,,
4094,0.5,27
4095,0.3,29
4096,,
4097,-0.1,26
4098,-0.19999999999999998,27
4099,-0.1,30
4100,,
4101,-0.3,25
4102,1.6,26
4103,-0.1,27
4104,0.5,28
4105,-0.4,29
4106,2.2,30
4107,1.5,31
4108,3.1,32
4109,0.6,33
4110,0.6,37
4111,-0.2,38
4112,-0.1,39
4113,0.7999999999999999,40
4114,0.9,41
4115,0.0,42
4116,,
4117,0.2,26
4118,-1.3,27
4119,-0.30000000000000004,28
4120,-0.2,30
4121,0.6,31
4122,0.3,32
4123,-0.4,33
4124,0.4,34
4125,-0.4,36
4126,,
4127,,
4128,0.6,25
4129,1.2,26
4130,5.199999999999999,27
4131,3.4,28
4132,4.1,29
4133,4.1000000000000005,30
4134,0.30000000000000004,31
4135,-0.2,32
4136,0.1,33
4137,0.7,34
4138,,
4139,2.2,27
4140,-0.2,28
4141,-0.9,29
4142,0.3,30
4143,1.6,31
4144,-1.3,32
4145,-1.2000000000000002,33
4146,1.5,34
4147,-0.2,35
4148,1.2,36
4149,-0.5,37
4150,,
4151,-0.2,25
4152,0.6,29
4153,1.3,30
4154,3.2,31
4155,2.8,32
4156,2.4,33
4157,-0.4,34
4158,2.6999999999999997,35
4159,-0.9,36
4160,2.4,37
4161,-0.3,38
4162,0.6000000000000001,39
4163,3.1,40
4164,0.29999999999999993,41
4165,2.4,42
4166,1.3,43
4167,,
4168,-0.5,25
4169,0.8,26
4170,-0.1,27
4171,,
4172,0.4,26
4173,0.7,27
4174,0.1,28
4175,-0.1,29
4176,0.3,30
4177,-0.2,31
4178,0.3,32
4179,,
4180,1.2,22
4181,-0.5,23
4182,-0.6,24
4183,-0.2,25
4184,0.5,27
4185,-0.1,28
4186,,
4187,0.3,24
4188,-0.8,25
4189,-0.4,26
4190,,
4191,,
4192,,
4193,-0.4,28
4194,-1.0,29
4195,,
4196,0.4,21
4197,1.4000000000000001,23
4198,-1.5,24
4199,0.0,25
4200,-0.29999999999999993,27
4201,,
4202,0.0,22
4203,1.8,23
4204,-0.2,24
4205,1.5,25
4206,0.3,26
4207,3.8,27
4208,3.9,28
4209,-0.5,29
4210,0.3000000000000001,30
4211,,
4212,0.0,25
4213,-0.2,26
4214,-0.1,28
4215,-0.4,29
4216,,
4217,1.7,23
4218,2.6,24
4219,3.7,25
4220,1.6,26
4221,0.1,27
4222,-0.39999999999999997,30
4223,,
4224,0.6,26
4225,0.3,27
4226,-0.2,28
4227,,
4228,0.5,22
4229,1.5,23
4230,0.9,24
4231,-0.7,25
4232,2.5,26
4233,0.6,27
4234,-0.2,28
4235,-0.2,29
4236,,
4237,0.0,23
4238,0.9,24
4239,-0.3,25
4240,0.0,26
4241,0.5,27
4242,0.0,28
4243,,
4244,0.2,23
4245,0.0,24
4246,,
4247,-0.1,22
4248,-0.4,23
4249,0.6,24
4250,0.5,25
4251,1.2,26
4252,0.3,28
4253,-0.6,29
4254,,
4255,-0.7,22
4256,-0.4,23
4257,2.4,24
4258,3.1999999999999997,25
4259,2.7,26
4260,1.2,27
4261,-0.2,28
4262,-0.6,29
4263,0.29999999999999993,30
4264,1.1,31
4265,2.0,32
4266,0.1,33
4267,,
4268,0.1,27
4269,0.8,28
4270,-0.5,29
4271,,
4272,-0.2,21
4273,,
4274,-0.6,23
4275,-0.9,24
4276,2.3,25
4277,0.4,26
4278,-0.1,29
4279,0.3,31
4280,0.30000000000000004,32
4281,-0.7,33
4282,0.7000000000000001,34
4283,-0.4,35
4284,,
4285,-0.3,24
4286,1.3,25
4287,-0.5,26
4288,0.1,27
4289,0.3,28
4290,0.1,29
4291,-0.2,30
4292,,
4293,0.1,24
4294,-0.4,25
4295,-0.2,26
4296,-0.5,27
4297,1.4,28
4298,0.5,29
4299,,
4300,-0.2,23
4301,,
4302,5.8,19
4303,13.299999999999999,20
4304,4.3,21
4305,4.1000000000000005,22
4306,3.8,23
4307,1.6,24
4308,3.2,25
4309,3.8,26
4310,3.1999999999999997,27
4311,4.2,28
4312,-0.6,29
4313,2.6,31
4314,1.0999999999999999,32
4315,2.7,33
4316,-0.49999999999999994,34
4317,0.7000000000000001,35
4318,,
4319,0.6,25
4320,0.1,26
4321,-0.5,27
4322,0.4,28
4323,-0.6,29
4324,,
4325,0.1,19
4326,1.6,23
4327,2.7,24
4328,0.3,25
4329,2.5,26
4330,,
4331,-0.1,23
4332,,
4333,-1.3,25
4334,0.0,26
4335,-1.2,27
4336,,
4337,0.0,25
4338,-0.2,26
4339,1.8,27
4340,-0.5,28
4341,,
4342,-0.3,24
4343,-0.2,28
4344,0.1,32
4345,0.9,33
4346,1.4,34
4347,0.19999999999999998,35
4348,-0.6,37
4349,0.4,38
4350,0.3,39
4351,-0.2,40
4352,,
4353,-0.2,27
4354,0.1,28
4355,0.0,29
4356,,
4357,-0.2,23
4358,-1.0,24
4359,-1.5999999999999999,25
4360,0.7,26
4361,-0.5,27
4362,,
4363,-0.4,22
4364,-0.3,23
4365,0.5,24
4366,0.2,25
4367,0.6,26
4368,1.2,27
4369,1.1,28
4370,1.8,29
4371,1.3,30
4372,2.0,31
4373,1.9,32
4374,1.6,33
4375,1.0,34
4376,0.3,35
4377,-0.3,36
4378,0.8,37
4379,0.3,38
4380,,
4381,-0.1,22
4382,,
4383,0.1,26
4384,,
4385,-0.5,23
4386,0.0,25
4387,,
4388,0.2,23
4389,0.9,24
4390,-0.1,25
4391,-0.6,26
4392,,
4393,-1.1,21
4394,-0.5,22
4395,0.4,23
4396,4.5,24
4397,0.09999999999999998,25
4398,0.5,26
4399,-1.5,27
4400,0.6000000000000001,28
4401,-2.0999999999999996,29
4402,2.1,30
4403,2.6999999999999997,31
4404,-0.7,32
4405,0.8,33
4406,0.1,35
4407,,
4408,0.1,24
4409,,
4410,0.9,21
4411,0.8,22
4412,1.2,23
4413,0.1,24
4414,1.5,25
4415,0.8,26
4416,0.1,27
4417,,
4418,-0.2,22
4419,,
4420,-0.6,26
4421,0.8,27
4422,-0.1,28
4423,-0.1,29
4424,,
4425,0.5,22
4426,-0.2,23
4427,-0.6,24
4428,0.1,25
4429,0.2,26
4430,1.7,27
4431,1.3,28
4432,1.6,29
4433,0.0,30
4434,-0.4,31
4435,-0.3,33
4436,,
4437,,
4438,0.4,19
4439,-0.5,20
4440,-0.5,21
4441,-0.2,22
4442,0.2,23
4443,2.4,24
4444,4.1000000000000005,25
4445,2.1,26
4446,3.1999999999999997,27
4447,2.5,28
4448,-1.4000000000000001,29
4449,-2.0999999999999996,30
4450,0.4,31
4451,-0.39999999999999997,32
4452,-0.4,33
4453,1.5,34
4454,-2.4000000000000004,35
4455,,
4456,-0.5,23
4457,0.19999999999999998,24
4458,,
4459,0.2,21
4460,-0.7,22
4461,0.30000000000000004,23
4462,-0.2,24
4463,-0.4,25
4464,,
4465,-0.6,25
4466,0.2,26
4467,-0.6,27
4468,1.8,29
4469,4.5,30
4470,4.2,31
4471,1.4,32
4472,0.5,33
4473,0.39999999999999997,34
4474,0.0,35
4475,-0.8,36
4476,-0.6,37
4477,0.5,38
4478,1.0,39
4479,,
4480,0.2,23
4481,-0.7,24
4482,,
4483,0.1,19
4484,,
4485,0.7,26
4486,0.3,27
4487,2.3,28
4488,,
4489,0.9,21
4490,,
4491,0.1,26
4492,,
4493,,
4494,0.3,22
4495,-0.2,24
4496,-0.6,25
4497,0.6,26
4498,-0.8,27
4499,,
4500,-0.1,27
4501,-0.3,29
4502,,
4503,0.3,23
4504,-0.1,24
4505,-0.2,25
4506,0.1,26
4507,0.3,27
4508,-0.4,28
4509,,
4510,,
4511,0.8,27
4512,0.5,28
4513,0.5,29
4514,0.1,31
4515,,
4516,0.1,24
4517,,
4518,0.1,26
4519,1.9,27
4520,-0.4,28
4521,-0.5,29
4522,-0.2,30
4523,,
4524,1.2000000000000002,23
4525,0.3,24
4526,0.4,25
4527,2.9,26
4528,3.7,27
4529,2.3,28
4530,0.3,29
4531,0.1,30
4532,1.3,31
4533,-0.5,32
4534,,
4535,-0.1,23
4536,1.1,24
4537,,
4538,2.2,22
4539,4.2,23
4540,3.5,24
4541,3.6,25
4542,1.1,26
4543,0.4,27
4544,1.4,28
4545,-1.7,29
4546,1.6,30
4547,0.1,31
4548,0.1,33
4549,,
4550,-0.3,21
4551,0.7,22
4552,-1.2,23
4553,0.8,24
4554,0.9,25
4555,3.3,26
4556,1.4,27
4557,0.4,28
4558,0.4,29
4559,-1.2999999999999998,30
4560,-0.9,31
4561,-0.5,32
4562,,
4563,-0.6,24
4564,0.2,25
4565,-0.5,26
4566,,
4567,0.2,26
4568,0.1,27
4569,0.6,28
4570,0.2,29
4571,0.0,31
4572,1.9,32
4573,0.8999999999999999,33
4574,-0.7,34
4575,-0.4,35
4576,,
4577,-0.5,23
4578,-0.4,25
4579,-0.2,26
4580,-0.2,27
4581,-0.6,28
4582,,
4583,0.4,24
4584,-0.3,25
4585,-0.4,26
4586,,
4587,0.2,28
4588,,
4589,-0.5,24
4590,0.19999999999999998,25
4591,1.0,26
4592,,
4593,-0.2,25
4594,0.1,26
4595,0.6,28
4596,,
4597,-0.1,23
4598,1.0,25
4599,2.3,26
4600,3.8,27
4601,5.8,28
4602,1.2000000000000002,29
4603,2.0,30
4604,1.2,32
4605,-0.4,33
4606,0.9,34
4607,-0.4,35
4608,,
4609,-0.1,28
4610,-0.1,29
4611,,
4612,0.1,25
4613,0.7,26
4614,-0.1,27
4615,0.0,28
4616,0.6,29
4617,,
4618,,
4619,-0.2,25
4620,,
4621,0.1,23
4622,0.7,24
4623,0.8,25
4624,1.4,26
4625,0.7,27
4626,-1.6,28
4627,0.0,29
4628,0.0,31
4629,,
4630,0.8,22
4631,2.8,23
4632,-0.4,24
4633,5.0,25
4634,-0.2,26
4635,2.7,27
4636,2.8,28
4637,-1.2000000000000002,29
4638,3.2,30
4639,1.2999999999999998,31
4640,1.6,32
4641,3.9,33
4642,5.1000000000000005,34
4643,-0.6,35
4644,-0.4,36
4645,,
4646,0.8,25
4647,-0.6,26
4648,,
4649,0.2,25
4650,-0.3,26
4651,-0.3,27
4652,-0.1,28
4653,,
4654,0.0,23
4655,-1.7,24
4656,-1.4,25
4657,0.7000000000000001,26
4658,0.4,27
4659,-0.5,28
4660,-0.9,29
4661,,
4662,0.2,23
4663,0.19999999999999998,24
4664,4.0,25
4665,0.5,26
4666,1.9,27
4667,3.8,28
4668,1.4,29
4669,0.1,30
4670,7.2,31
4671,-0.19999999999999998,32
4672,3.5,33
4673,0.6,34
4674,-0.1,35
4675,0.0,36
4676,,
4677,0.0,21
4678,-0.8,22
4679,0.9,23
4680,0.1,24
4681,-0.10000000000000003,25
4682,0.3,26
4683,0.6,27
4684,-0.7999999999999999,28
4685,0.8,29
4686,0.1,30
4687,-0.09999999999999998,31
4688,,
4689,0.3,26
4690,-0.2,27
4691,,
4692,0.0,27
4693,,
4694,0.9,24
4695,-0.3,25
4696,-0.7,26
4697,-0.3,27
4698,-0.2,28
4699,1.8,29
4700,,
4701,-0.2,25
4702,0.6,26
4703,2.5,27
4704,0.0,28
4705,-0.3,29
4706,-0.8,31
4707,,
4708,-0.7,23
4709,-0.1,24
4710,,
4711,-0.2,25
4712,0.7,26
4713,0.2,27
4714,0.0,28
4715,-0.1,29
4716,0.8,30
4717,-0.4,31
4718,,
4719,-0.3,25
4720,-0.1,27
4721,-0.30000000000000004,28
4722,-0.1,30
4723,,
4724,0.7,27
4725,0.2,28
4726,0.0,29
4727,0.2,31
4728,,
4729,-1.1,25
4730,-0.3,26
4731,,
4732,3.2,23
4733,2.9,24
4734,-0.30000000000000004,25
4735,0.0,26
4736,-0.2,27
4737,-0.2,28
4738,-0.2,29
4739,,
4740,-0.30000000000000004,23
4741,-1.9000000000000001,25
4742,-0.39999999999999997,26
4743,0.6000000000000001,27
4744,1.9,28
4745,-0.9,30
4746,,
4747,,
4748,-0.1,22
4749,-0.1,23
4750,-0.1,24
4751,0.6,25
4752,-0.7999999999999999,26
4753,-0.6000000000000001,27
4754,,
4755,0.1,21
4756,0.2,22
4757,-0.8,23
4758,-0.30000000000000004,24
4759,0.4,25
4760,-0.7,26
4761,0.4,27
4762,1.6,28
4763,-0.2,29
4764,0.1,30
4765,,
4766,-0.4,26
4767,,
4768,0.0,26
4769,-0.1,27
4770,0.8,28
4771,0.7,29
4772,,
4773,0.3,22
4774,0.30000000000000004,24
4775,-0.7,25
4776,1.0,26
4777,1.7999999999999998,27
4778,3.2,28
4779,0.0,29
4780,1.2000000000000002,30
4781,1.6,31
4782,0.3,32
4783,-0.6,33
4784,,
4785,0.5,24
4786,-1.0,25
4787,-0.2,26
4788,0.4,27
4789,1.8,28
4790,0.2,29
4791,0.8,30
4792,0.5,31
4793,0.1,33
4794,,
4795,0.0,22
4796,0.7,23
4797,0.0,24
4798,-0.6,25
4799,-0.1,26
4800,-0.1,27
4801,-0.4,28
4802,,
4803,1.0,23
4804,-0.3,25
4805,1.1,26
4806,-0.8,27
4807,,
4808,-0.4,25
4809,-0.3,26
4810,1.0,28
4811,0.4,29
4812,0.1,30
4813,0.2,31
4814,0.3,32
4815,0.1,33
4816,-0.4,34
4817,3.7,35
4818,0.5,36
4819,0.8,37
4820,-0.49999999999999994,38
4821,0.8999999999999999,39
4822,0.3,40
4823,0.7999999999999999,41
4824,-0.09999999999999998,42
4825,,
4826,0.3,22
4827,0.30000000000000004,24
4828,-0.7,25
4829,1.0,26
4830,1.7999999999999998,27
4831,3.2,28
4832,0.0,29
4833,1.2000000000000002,30
4834,1.6,31
4835,0.3,32
4836,-0.6,33
4837,,
4838,0.2,23
4839,-0.2,24
4840,,
4841,0.2,25
4842,2.4,26
4843,-0.1,27
4844,-0.1,28
4845,0.6,29
4846,-0.4,30
4847,0.5,31
4848,-0.6,32
4849,-0.3,33
4850,0.0,34
4851,,
4852,1.2,24
4853,-0.8,25
4854,,
4855,0.5,24
4856,0.3,25
4857,0.1,26
4858,1.9,27
4859,2.1,28
4860,3.6,29
4861,1.7,30
4862,1.6,31
4863,1.7,32
4864,1.6,33
4865,1.7,34
4866,0.3,35
4867,1.7,36
4868,-1.6,37
4869,,
4870,1.2999999999999998,24
4871,4.300000000000001,25
4872,5.2,26
4873,2.1999999999999997,27
4874,0.5,28
4875,,
4876,0.0,21
4877,4.6,22
4878,0.5,24
4879,-0.30000000000000004,25
4880,4.2,26
4881,0.7,27
4882,-0.09999999999999998,28
4883,3.0,29
4884,1.3,30
4885,2.7,31
4886,0.7,32
4887,-0.5,33
4888,0.0,34
4889,1.1,35
4890,,
4891,-0.3,34
4892,-0.1,35
4893,,
4894,0.7000000000000001,22
4895,1.5,23
4896,-0.9,24
4897,-0.1,25
4898,3.3000000000000003,26
4899,-1.2000000000000002,27
4900,5.551115123125783e-17,28
4901,-1.5,29
4902,3.9,31
4903,2.3,32
4904,-0.3,33
4905,0.0,35
4906,-0.2,36
4907,,
4908,1.5,24
4909,0.0,26
4910,0.2,27
4911,1.4,28
4912,0.9,29
4913,0.8,30
4914,1.1,31
4915,-0.6,32
4916,0.0,33
4917,-0.3,34
4918,,
4919,0.3,24
4920,-0.3,25
4921,,
4922,0.2,26
4923,-0.2,27
4924,0.4,28
4925,-0.7,32
4926,,
4927,-0.4,26
4928,,
4929,-0.3,34
4930,-0.1,35
4931,,
4932,,
4933,1.3,21
4934,-0.2,22
4935,0.2,23
4936,-0.7,24
4937,0.5,25
4938,0.6,26
4939,-0.1,27
4940,-0.2,28
4941,0.8,29
4942,-0.2,30
4943,,
4944,0.5,22
4945,-0.8,23
4946,-0.4,24
4947,0.5,25
4948,0.3,26
4949,0.8,28
4950,,
4951,0.1,23
4952,-0.3,24
4953,-0.1,25
4954,-0.6000000000000001,26
4955,,
4956,,
4957,0.2,22
4958,-1.0,23
4959,,
4960,0.8,26
4961,-0.6,27
4962,,
4963,-0.4,24
4964,-0.4,25
4965,0.3,27
4966,-0.1,28
4967,,
4968,-0.2,24
4969,,
4970,-0.2,22
4971,-0.5,23
4972,0.7000000000000001,25
4973,1.1,26
4974,0.2,27
4975,4.5,28
4976,-0.4,29
4977,1.2,30
4978,0.4,31
4979,-1.1,32
4980,0.2,33
4981,,
4982,-0.3,23
4983,0.5,24
4984,0.2,26
4985,,
4986,0.4,25
4987,-1.0,26
4988,0.0,27
4989,,
4990,-0.5,23
4991,-1.2999999999999998,24
4992,-0.9,25
4993,0.0,26
4994,0.1,27
4995,-0.1,28
4996,,
4997,-0.2,23
4998,-1.0,24
4999,1.0,25
5000,4.2,26
5001,2.0,27
5002,0.4,28
5003,0.9,29
5004,0.2,30
5005,-0.2,31
5006,,
5007,-0.3,24
5008,2.4,25
5009,-0.8,26
5010,0.9,27
5011,1.7999999999999998,28
5012,-0.4,30
5013,1.3,31
5014,,
5015,0.0,22
5016,0.5,24
5017,0.1,25
5018,0.30000000000000004,26
5019,0.1,27
5020,-0.2,28
5021,0.6,30
5022,-0.09999999999999998,31
5023,,
5024,-0.3,24
5025,1.4,25
5026,0.4,26
5027,-0.9,27
5028,-0.6,28
5029,-0.2,30
5030,,
5031,0.39999999999999997,21
5032,-1.3,22
5033,-1.2,23
5034,0.6,24
5035,3.4,25
5036,3.9999999999999996,26
5037,3.4,27
5038,2.8,28
5039,2.2,29
5040,0.0,30
5041,0.8,31
5042,0.2,32
5043,0.2,33
5044,,
5045,-0.7,26
5046,0.30000000000000004,27
5047,-0.4,28
5048,,
5049,-0.6,22
5050,,
5051,0.0,26
5052,-0.3,27
5053,0.0,28
5054,2.3000000000000003,29
5055,-1.0,30
5056,1.7,31
5057,-0.9,32
5058,,
5059,-0.8,25
5060,,
5061,0.1,26
5062,0.5,27
5063,-0.5,28
5064,0.4,29
5065,1.7,30
5066,0.8,31
5067,1.1,32
5068,-0.09999999999999998,33
5069,,
5070,0.1,27
5071,-0.2,28
5072,0.6,29
5073,1.9,30
5074,0.1,31
5075,3.0999999999999996,32
5076,-0.9,33
5077,0.6,34
5078,-0.2,35
5079,,
5080,0.29999999999999993,27
5081,0.1,28
5082,,
5083,-0.5,26
5084,,
5085,0.3,26
5086,0.0,27
5087,,
5088,0.1,21
5089,3.6,22
5090,5.1000000000000005,23
5091,3.5999999999999996,24
5092,,
5093,1.5999999999999999,22
5094,1.4,23
5095,4.5,24
5096,1.7,25
5097,2.7,26
5098,5.6000000000000005,27
5099,6.5,28
5100,,
5101,-0.3,23
5102,-0.3,24
5103,,
5104,0.4,25
5105,-0.29999999999999993,26
5106,0.7,27
5107,0.8,28
5108,1.3,29
5109,-0.2,30
5110,1.7,32
5111,2.6,33
5112,3.5,34
5113,-0.3,35
5114,,
5115,1.5,20
5116,1.9,21
5117,1.7,24
5118,0.9,25
5119,-0.2,26
5120,0.8,27
5121,4.1000000000000005,28
5122,4.9,29
5123,1.2,30
5124,0.0,31
5125,,
5126,-1.2,22
5127,-0.4,23
5128,3.8,24
5129,4.5,25
5130,4.8,26
5131,2.5,27
5132,1.9000000000000001,28
5133,2.4,29
5134,0.8,30
5135,6.3,31
5136,1.5,32
5137,1.8,33
5138,,
5139,-0.8,27
5140,-0.9,28
5141,-0.2,29
5142,-0.7,32
5143,1.8,33
5144,1.1,34
5145,-0.6,35
5146,1.4000000000000001,36
5147,0.4,37
5148,0.2,38
5149,,
5150,0.2,24
5151,,
5152,0.0,25
5153,0.1,26
5154,2.2,27
5155,,
5156,0.2,23
5157,0.6,24
5158,1.2,25
5159,-0.2,26
5160,-0.3,27
5161,2.0,28
5162,1.4,29
5163,2.4,30
5164,0.5,31
5165,1.2,32
5166,-0.1,33
5167,-0.1,34
5168,,
5169,-0.2,22
5170,0.4,23
5171,-0.3,24
5172,2.1,25
5173,0.09999999999999998,26
5174,1.5,27
5175,-1.0999999999999999,28
5176,3.2,29
5177,1.0,30
5178,-1.3,31
5179,5.551115123125783e-17,33
5180,-0.30000000000000004,34
5181,,
5182,-0.4,25
5183,0.3,26
5184,-0.1,27
5185,,
5186,0.1,25
5187,-0.2,26
5188,0.39999999999999997,27
5189,0.0,28
5190,,
5191,-0.1,23
5192,0.3,25
5193,0.5,26
5194,-0.5,29
5195,2.9,30
5196,-0.2,31
5197,1.2,32
5198,2.0,33
5199,2.3,34
5200,1.6,35
5201,-0.6,36
5202,-0.1,37
5203,,
5204,0.7,28
5205,-0.1,29
5206,0.2,31
5207,,
5208,0.8,26
5209,-1.0,27
5210,0.2,28
5211,-0.1,29
5212,-0.5,30
5213,0.1,31
5214,,
5215,-0.2,24
5216,2.6,25
5217,1.9,26
5218,3.2,27
5219,2.6,28
5220,0.3,29
5221,1.5,31
5222,-0.09999999999999987,32
5223,0.0,33
5224,,
5225,0.2,20
5226,-0.8,21
5227,5.6000000000000005,22
5228,5.3,23
5229,3.7,24
5230,4.0,25
5231,9.4,26
5232,5.7,27
5233,8.7,28
5234,9.6,29
5235,7.2,30
5236,7.7,31
5237,7.199999999999999,32
5238,3.7,33
5239,6.6,34
5240,5.3,35
5241,4.6000000000000005,36
5242,1.2,37
5243,3.2,38
5244,3.1,39
5245,3.1,40
5246,2.4,41
5247,0.30000000000000004,42
5248,,
5249,2.5,26
5250,0.1,27
5251,1.7,28
5252,1.2,29
5253,1.4000000000000001,30
5254,-0.3,31
5255,0.1,32
5256,0.1,33
5257,,
5258,,
5259,0.5,21
5260,0.8,22
5261,5.9,23
5262,4.2,24
5263,1.4,25
5264,3.8,26
5265,5.0,27
5266,0.6,28
5267,0.4,29
5268,0.6000000000000001,30
5269,-1.2999999999999998,31
5270,2.7,32
5271,2.0,33
5272,1.7999999999999998,34
5273,1.7,35
5274,0.7,36
5275,-0.3,37
5276,,
5277,0.2,21
5278,3.3,22
5279,2.4,23
5280,1.1,24
5281,2.6,25
5282,2.1,26
5283,-0.5,27
5284,0.7000000000000001,28
5285,0.5,29
5286,-0.5000000000000001,30
5287,1.5,31
5288,0.7,32
5289,-0.1,33
5290,-1.0,34
5291,,
5292,0.2,22
5293,1.1,29
5294,-0.2,30
5295,,
5296,0.4,24
5297,,
5298,1.1,23
5299,,
5300,-0.3,25
5301,,
5302,0.1,25
5303,-0.1,26
5304,1.9,27
5305,0.2,28
5306,-0.2,29
5307,,
5308,1.0,25
5309,-0.2,26
5310,-0.1,27
5311,0.1,28
5312,3.1,29
5313,1.8,30
5314,-0.1,31
5315,0.29999999999999993,32
5316,-0.7,33
5317,0.2,34
5318,0.7999999999999999,35
5319,-0.3,36
5320,0.1,37
5321,-0.3,38
5322,,
5323,0.6,23
5324,3.1,24
5325,0.4,25
5326,-0.1,26
5327,0.1,29
5328,,
5329,-0.1,24
5330,0.7000000000000001,25
5331,0.1,26
5332,0.4,27
5333,2.6,28
5334,,
5335,0.5,26
5336,0.3,27
5337,,
5338,-0.4,20
5339,-1.4,21
5340,-1.0999999999999999,24
5341,-0.4,25
5342,,
5343,0.5,26
5344,-0.4,27
5345,-0.3,28
5346,3.3,29
5347,0.8,30
5348,1.6,31
5349,1.9,32
5350,1.0,33
5351,-0.4,34
5352,-0.2,35
5353,-0.6,36
5354,,
5355,1.0,24
5356,-0.5,25
5357,,
5358,0.3,24
5359,0.0,25
5360,0.4,26
5361,0.4,27
5362,0.4,28
5363,0.5,29
5364,0.5,30
5365,,
5366,0.4,25
5367,-1.2000000000000002,26
5368,0.2,27
5369,1.1,28
5370,1.0,29
5371,3.1,30
5372,-0.3,31
5373,0.1,32
5374,1.2999999999999998,33
5375,-0.2,34
5376,,
5377,-0.3,26
5378,0.2,28
5379,-0.9,29
5380,-0.1,30
5381,,
5382,1.4,24
5383,0.0,25
5384,0.7,26
5385,0.2,27
5386,1.5,28
5387,0.4,29
5388,0.7999999999999999,30
5389,0.3,31
5390,0.2,33
5391,2.8,35
5392,1.7,36
5393,-0.8,37
5394,,
5395,0.1,26
5396,0.7,27
5397,-0.2,28
5398,-0.30000000000000004,29
5399,,
5400,0.1,25
5401,0.3,26
5402,2.1,27
5403,2.0,28
5404,0.2,29
5405,1.8,30
5406,,
5407,0.2,24
5408,-0.7000000000000001,25
5409,-0.4,26
5410,0.20000000000000004,27
5411,-0.5,28
5412,-0.8,32
5413,,
5414,-0.1,25
5415,1.6,26
5416,2.1,27
5417,0.5,28
5418,0.0,29
5419,1.0,30
5420,0.7,31
5421,,
5422,0.2,23
5423,1.5,24
5424,2.6,25
5425,0.5,26
5426,2.1,27
5427,1.2,28
5428,0.0,29
5429,0.7000000000000001,30
5430,-0.30000000000000004,31
5431,,
5432,0.6,28
5433,1.5,29
5434,-0.1,30
5435,,
5436,1.5,21
5437,0.2,22
5438,2.3,23
5439,4.9,24
5440,-0.5,25
5441,0.19999999999999998,27
5442,,
5443,-0.1,27
5444,0.7,28
5445,,
5446,,
5447,,
5448,-0.9,28
5449,2.7,29
5450,2.0,30
5451,-0.5,31
5452,0.2,32
5453,0.0,33
5454,,
5455,2.9,31
5456,2.1,32
5457,1.6,33
5458,0.1,34
5459,0.0,35
5460,0.1,37
5461,,
5462,4.1000000000000005,26
5463,4.6000000000000005,27
5464,1.8,28
5465,0.8,29
5466,2.4,30
5467,2.5,31
5468,3.1,32
5469,2.4000000000000004,33
5470,3.5,34
5471,-2.4,35
5472,-1.5,36
5473,-0.5,39
5474,,
5475,1.6,22
5476,2.6,23
5477,0.3,24
5478,0.4,25
5479,0.2,26
5480,0.4,27
5481,0.3,28
5482,1.2,30
5483,-0.1,31
5484,-0.3,32
5485,,
5486,2.9000000000000004,33
5487,0.6,34
5488,3.0,35
5489,3.3,36
5490,5.3,37
5491,3.9,38
5492,2.1,39
5493,,
5494,1.1,35
5495,0.1,36
5496,-0.5,37
5497,-0.1,38
5498,,
5499,2.3,31
5500,7.0,32
5501,2.4,33
5502,2.6,34
5503,2.4,35
5504,0.3,36
5505,,
5506,1.1,26
5507,-0.4,27
5508,-0.1,28
5509,,
5510,-1.2,23
5511,0.6,24
5512,-0.9,25
5513,,
5514,-0.1,23
5515,0.6,24
5516,-0.5,25
5517,2.8000000000000003,26
5518,0.6,27
5519,3.3000000000000003,28
5520,-1.6,29
5521,,
5522,0.0,23
5523,-0.2,24
5524,-0.3,25
5525,,
5526,1.0,23
5527,0.8,24
5528,0.6000000000000001,25
5529,0.7000000000000001,26
5530,-1.4,27
5531,0.3,28
5532,0.0,29
5533,-0.2,31
5534,,
5535,-0.2,21
5536,,
5537,0.3,24
5538,,
5539,-0.4,25
5540,0.1,26
5541,,
5542,0.3,25
5543,1.4,26
5544,1.1,27
5545,1.8,28
5546,-0.5,29
5547,-0.2,30
5548,,
5549,0.0,23
5550,0.2,24
5551,0.4,25
5552,,
5553,2.9,21
5554,1.4,22
5555,0.8,23
5556,0.6,24
5557,1.8,25
5558,0.8,26
5559,0.5,27
5560,1.3,28
5561,1.0,29
5562,2.8,30
5563,1.0,31
5564,-0.6,32
5565,0.1,33
5566,,
5567,3.8,26
5568,2.0,27
5569,-0.3,29
5570,1.5999999999999999,30
5571,2.5,31
5572,5.1,32
5573,,
5574,0.2,25
5575,,
5576,0.6,22
5577,-0.9,23
5578,0.1,24
5579,3.5,25
5580,4.8,26
5581,2.1,27
5582,-1.2,28
5583,1.8,29
5584,-0.4,30
5585,4.3,31
5586,0.7999999999999999,32
5587,0.9,33
5588,1.4,34
5589,,
5590,0.1,22
5591,-0.7,23
5592,-0.4,24
5593,1.0,25
5594,-0.5,26
5595,0.1,27
5596,,
5597,-0.2,22
5598,-0.30000000000000004,23
5599,1.5,24
5600,3.2,25
5601,-0.5,26
5602,-2.7755575615628914e-17,27
5603,-0.8,28
5604,,
5605,0.0,27
5606,0.2,28
5607,,
5608,0.7,20
5609,3.3000000000000003,21
5610,4.5,22
5611,4.8999999999999995,23
5612,2.8,24
5613,2.3,25
5614,0.2,26
5615,2.2,27
5616,4.2,28
5617,-0.6,29
5618,-0.6000000000000001,30
5619,0.2,31
5620,,
5621,0.4,23
5622,2.5,24
5623,0.5,25
5624,3.4,26
5625,-0.7,27
5626,0.6,28
5627,1.6999999999999997,29
5628,1.4,30
5629,0.5000000000000001,31
5630,2.1999999999999997,32
5631,,
5632,-0.2,24
5633,0.4,25
5634,3.9000000000000004,26
5635,1.2,27
5636,-1.2999999999999998,28
5637,0.6000000000000001,29
5638,0.1,30
5639,1.0,31
5640,3.1,32
5641,4.8,33
5642,3.3,34
5643,3.3000000000000003,35
5644,1.4,36
5645,,
5646,-0.3,23
5647,0.6,25
5648,0.4,26
5649,,
5650,,
5651,,
5652,1.0,26
5653,-0.3,27
5654,,
5655,0.8,24
5656,1.3,25
5657,-0.7000000000000001,26
5658,1.0,27
5659,-1.6,28
5660,0.5,29
5661,-0.3,30
5662,,
5663,0.0,26
5664,0.2,27
5665,0.7,28
5666,2.8,29
5667,4.0,30
5668,0.6,31
5669,-0.4,32
5670,1.7,33
5671,1.7,34
5672,1.1,35
5673,0.9,36
5674,-0.3,37
5675,,
5676,-0.3,22
5677,0.5,23
5678,-0.6,24
5679,2.4,25
5680,1.8,26
5681,-1.0,28
5682,0.8,29
5683,1.7,30
5684,1.1,31
5685,1.5,32
5686,0.3,33
5687,-0.2,34
5688,,
5689,-0.4,25
5690,-0.1,26
5691,,
5692,-0.7,24
5693,-0.3,26
5694,0.09999999999999998,27
5695,1.6,28
5696,-0.3,29
5697,0.1,30
5698,,
5699,0.3,24
5700,,
5701,0.2,25
5702,0.3,27
5703,-0.3,28
5704,,
5705,-0.3,23
5706,0.2,24
5707,0.2,25
5708,,
5709,0.1,25
5710,0.8,26
5711,-0.5,27
5712,1.2,28
5713,-0.2,29
5714,,
5715,-0.4,21
5716,2.9,22
5717,5.8,23
5718,,
5719,0.3,24
5720,0.19999999999999998,26
5721,,
5722,0.8,27
5723,-1.1,28
5724,-0.3,29
5725,0.2,30
5726,-0.2,31
5727,-0.1,32
5728,,
5729,0.5,26
5730,0.6,27
5731,-0.2,28
5732,-0.8,29
5733,,
5734,0.0,22
5735,,
5736,-0.3,24
5737,-0.2,25
5738,0.0,26
5739,,
5740,0.9,25
5741,,
5742,0.9,25
5743,,
5744,3.5,26
5745,5.4,27
5746,3.5,28
5747,4.6000000000000005,29
5748,10.4,30
5749,8.2,31
5750,,
5751,0.0,25
5752,3.0999999999999996,26
5753,0.7999999999999999,27
5754,3.1,28
5755,0.29999999999999993,29
5756,-1.2,30
5757,,
5758,2.6999999999999997,21
5759,-0.5,22
5760,,
5761,0.7,23
5762,-0.1,24
5763,0.8,25
5764,-0.2,26
5765,,
5766,-0.2,23
5767,0.0,24
5768,-0.1,25
5769,0.3,26
5770,0.4,27
5771,-0.6,28
5772,1.6,29
5773,1.4000000000000001,30
5774,0.5,31
5775,1.2,32
5776,1.9,33
5777,1.2,34
5778,0.7,35
5779,0.5,36
5780,0.4,37
5781,,
5782,2.1,22
5783,0.7,23
5784,2.7,24
5785,4.6,25
5786,-0.1,26
5787,-0.8,27
5788,4.199999999999999,28
5789,1.4,29
5790,-1.4000000000000001,30
5791,-1.7,31
5792,-0.7999999999999999,32
5793,-1.7000000000000002,33
5794,,
5795,,
5796,0.4,21
5797,2.3000000000000003,22
5798,6.7,23
5799,0.2,24
5800,2.8000000000000003,25
5801,-1.5,26
5802,0.0,27
5803,-0.4,28
5804,,
5805,0.1,23
5806,0.7,24
5807,-0.1,26
5808,0.5,28
5809,,
5810,0.8,24
5811,0.6,25
5812,-0.9,26
5813,0.19999999999999993,27
5814,5.6,28
5815,8.600000000000001,29
5816,4.6,30
5817,1.9,31
5818,2.9,32
5819,0.9,33
5820,,
5821,1.2,24
5822,-0.2,25
5823,-0.1,26
5824,-0.2,27
5825,,
5826,-0.5,27
5827,,
5828,-0.1,24
5829,0.2,25
5830,0.2,26
5831,-0.19999999999999998,27
5832,,
5833,-0.4,25
5834,0.6,26
5835,-0.2,27
5836,0.6000000000000001,28
5837,1.1,29
5838,0.4,30
5839,-0.20000000000000007,31
5840,0.2,32
5841,,
5842,1.4,23
5843,-0.3,24
5844,-0.39999999999999997,25
5845,,
5846,-0.1,25
5847,-0.3,26
5848,,
5849,0.1,23
5850,-0.1,24
5851,1.9,25
5852,0.2,26
5853,2.7,27
5854,0.9,28
5855,0.3,29
5856,1.4,30
5857,-0.9,31
5858,0.3,32
5859,,
5860,-0.1,23
5861,0.5,24
5862,,
5863,0.1,22
5864,0.3,23
5865,1.3,24
5866,3.1999999999999997,25
5867,3.2,26
5868,-0.1,27
5869,1.0999999999999999,28
5870,3.6,29
5871,,
5872,0.9,21
5873,1.6,22
5874,5.2,23
5875,4.8999999999999995,24
5876,2.4,25
5877,6.8,26
5878,4.5,27
5879,1.5999999999999999,28
5880,1.5,29
5881,1.1,30
5882,5.0,31
5883,1.1999999999999997,32
5884,1.4,33
5885,2.0,34
5886,-1.0,35
5887,,
5888,0.5,25
5889,2.0,26
5890,0.7,27
5891,-0.1,28
5892,-0.7,29
5893,0.1,30
5894,0.1,31
5895,,
5896,-0.3,22
5897,0.0,23
5898,-0.2,24
5899,1.1,25
5900,4.2,26
5901,-0.2,27
5902,3.6,28
5903,2.0,29
5904,0.9,30
5905,1.7,32
5906,-0.1,33
5907,0.8,34
5908,-0.2,35
5909,,
5910,-0.2,23
5911,1.0,24
5912,-0.1,25
5913,-0.1,26
5914,,
5915,1.5,24
5916,1.7,25
5917,1.0,26
5918,,
5919,,
5920,-0.8,23
5921,2.5,24
5922,0.4,25
5923,0.1,26
5924,2.5,27
5925,2.6999999999999997,28
5926,1.7,29
5927,0.2,30
5928,-0.1,31
5929,-0.5,32
5930,0.6,33
5931,,
5932,-0.1,25
5933,,
5934,-0.2,25
5935,,
5936,-0.1,29
5937,0.2,30
5938,0.0,31
5939,0.2,32
5940,,
5941,0.1,23
5942,,
5943,-0.5,25
5944,,
5945,,
5946,-0.2,24
5947,0.1,25
5948,,
5949,1.1,24
5950,1.3,25
5951,0.7,26
5952,1.0,27
5953,3.6,28
5954,3.2,29
5955,2.3,30
5956,,
5957,0.3,24
5958,-0.2,25
5959,-0.1,26
5960,0.9,27
5961,0.5,28
5962,,
5963,2.3,20
5964,2.2,21
5965,2.8000000000000003,22
5966,1.4,23
5967,-0.30000000000000004,24
5968,0.8,25
5969,1.2,26
5970,3.4,27
5971,2.0,28
5972,-0.19999999999999998,29
5973,-1.2,30
5974,-1.0,31
5975,1.8,32
5976,0.6000000000000001,33
5977,1.1,34
5978,,
5979,,
5980,-0.1,25
5981,0.2,26
5982,-0.4,29
5983,,
5984,2.1,24
5985,1.0999999999999999,25
5986,4.6000000000000005,26
5987,0.4,27
5988,,
5989,0.6000000000000001,21
5990,-0.19999999999999998,22
5991,0.4,23
5992,2.6,24
5993,2.0,25
5994,0.6000000000000001,26
5995,-0.6,27
5996,0.2,28
5997,1.5,29
5998,-0.5,30
5999,0.5,31
6000,1.5,32
6001,-0.9,33
6002,-0.1,34
6003,-0.29999999999999993,35
6004,1.0,36
6005,0.1,37
6006,0.9,38
6007,-0.30000000000000004,39
6008,,
6009,-1.0,25
6010,-0.5,26
6011,,
6012,0.2,23
6013,0.2,28
6014,,
6015,0.8,23
6016,1.4,24
6017,3.1,25
6018,-0.6,26
6019,0.0,27
6020,-0.6,28
6021,3.0,30
6022,1.8,31
6023,0.5,32
6024,2.6,33
6025,3.7,34
6026,5.6,35
6027,6.6,36
6028,-0.1,37
6029,3.4,38
6030,5.6,39
6031,4.8,40
6032,0.5,41
6033,2.4,42
6034,1.9000000000000001,43
6035,0.09999999999999998,44
6036,2.8,45
6037,0.5,46
6038,0.1,47
6039,0.1,49
6040,,
6041,-0.3,25
6042,-0.6,26
6043,0.8,30
6044,0.9,31
6045,1.2,32
6046,0.5,33
6047,1.3,34
6048,1.4,35
6049,-1.0,36
6050,0.0,37
6051,,
6052,0.2,23
6053,-0.1,24
6054,0.3,26
6055,,
6056,1.2,26
6057,1.1,27
6058,0.0,28
6059,0.1,29
6060,0.0,30
6061,1.4,31
6062,0.8,32
6063,0.1,33
6064,,
6065,3.3000000000000003,24
6066,7.9,25
6067,2.3,27
6068,1.2,28
6069,,
6070,0.6000000000000001,21
6071,-0.19999999999999998,22
6072,0.4,23
6073,2.6,24
6074,2.0,25
6075,0.6000000000000001,26
6076,-0.6,27
6077,0.2,28
6078,1.5,29
6079,-0.5,30
6080,0.5,31
6081,1.5,32
6082,-0.9,33
6083,-0.1,34
6084,-0.29999999999999993,35
6085,1.0,36
6086,0.1,37
6087,0.9,38
6088,-0.30000000000000004,39
6089,,
6090,-0.2,23
6091,0.0,24
6092,-0.1,25
6093,0.3,26
6094,0.4,27
6095,-0.6,28
6096,1.6,29
6097,1.4000000000000001,30
6098,0.5,31
6099,1.2,32
6100,1.9,33
6101,1.2,34
6102,0.7,35
6103,0.5,36
6104,0.4,37
6105,,
6106,2.6,23
6107,2.6,24
6108,0.1,25
6109,-0.8,26
6110,-0.1,27
6111,,
6112,1.2999999999999998,23
6113,0.5,24
6114,1.9000000000000001,25
6115,4.0,26
6116,4.5,27
6117,2.4,28
6118,1.7000000000000002,29
6119,4.3,30
6120,1.3,31
6121,2.9,32
6122,0.4,33
6123,3.0,34
6124,,
6125,-0.3,26
6126,0.6,27
6127,,
6128,2.6,22
6129,2.8,23
6130,-2.1,24
6131,-0.6,25
6132,0.3,26
6133,-0.9000000000000001,27
6134,-0.29999999999999993,28
6135,0.6,29
6136,2.0,30
6137,-1.0,31
6138,0.0,32
6139,,
6140,0.5,23
6141,-0.7,24
6142,1.3,25
6143,-1.1,26
6144,-0.1,27
6145,-0.2,28
6146,,
6147,-0.8,25
6148,1.3,26
6149,-0.1,27
6150,-0.6,28
6151,,
6152,-1.0,20
6153,-1.1,21
6154,-0.5,22
6155,,
6156,0.0,26
6157,-0.1,27
6158,0.1,28
6159,-0.2,29
6160,0.9,30
6161,-0.1,31
6162,0.1,32
6163,,
6164,0.5,25
6165,-0.6,26
6166,1.1,27
6167,1.7,28
6168,0.5,29
6169,0.0,30
6170,0.9,31
6171,-0.1,32
6172,-0.1,33
6173,0.3,34
6174,-0.2,35
6175,,
6176,,
6177,0.9,23
6178,2.3,24
6179,0.1,25
6180,-0.2,27
6181,,
6182,1.0,26
6183,1.0,27
6184,0.4,28
6185,0.1,29
6186,0.2,30
6187,1.7,31
6188,0.7,32
6189,1.1,33
6190,0.4,34
6191,1.1,35
6192,0.8,36
6193,1.0,37
6194,,
6195,-0.2,23
6196,0.0,24
6197,-0.1,25
6198,0.3,26
6199,0.4,27
6200,-0.6,28
6201,1.6,29
6202,1.4000000000000001,30
6203,0.5,31
6204,1.2,32
6205,1.9,33
6206,1.2,34
6207,0.7,35
6208,0.5,36
6209,0.4,37
6210,,
6211,-0.4,25
6212,,
6213,0.1,23
6214,0.0,24
6215,-0.6,27
6216,0.3,28
6217,0.4,29
6218,-0.1,30
6219,1.7,31
6220,0.1,32
6221,0.9,34
6222,1.0,35
6223,0.9,36
6224,-0.30000000000000004,37
6225,0.6,38
6226,0.39999999999999997,39
6227,-0.6,40
6228,,
6229,-0.30000000000000004,21
6230,1.1,22
6231,-0.1,23
6232,0.1,25
6233,1.0,26
6234,-0.2,27
6235,-1.5,28
6236,0.8,31
6237,0.6,32
6238,1.9,33
6239,1.6,34
6240,0.2,35
6241,0.19999999999999996,36
6242,-0.2,37
6243,0.1,38
6244,,
6245,-0.2,27
6246,-0.3,28
6247,0.1,29
6248,,
6249,-0.6,23
6250,0.5,24
6251,0.1,25
6252,1.6,26
6253,1.2000000000000002,27
6254,1.0,28
6255,2.8,29
6256,-0.4,30
6257,3.0,31
6258,1.6,32
6259,1.7,33
6260,1.5999999999999999,34
6261,-1.3,35
6262,,
6263,3.0,22
6264,0.0,23
6265,-1.0,24
6266,0.6,26
6267,1.2,27
6268,1.9,28
6269,1.1,29
6270,1.1,30
6271,1.3,31
6272,2.0,32
6273,0.7,33
6274,1.5,34
6275,-0.8,35
6276,0.2,36
6277,0.1,38
6278,0.1,39
6279,,
6280,0.5,22
6281,2.8,23
6282,0.6,24
6283,2.6,25
6284,0.8,26
6285,4.8,27
6286,-0.7,28
6287,-0.7,29
6288,0.5,30
6289,,
6290,,
6291,-0.1,21
6292,0.8,22
6293,-0.30000000000000004,23
6294,-0.19999999999999998,24
6295,3.0999999999999996,25
6296,1.8,26
6297,-1.5,27
6298,0.6000000000000001,28
6299,2.8,29
6300,3.5,30
6301,-1.3,31
6302,-0.30000000000000004,32
6303,-0.9000000000000001,33
6304,-0.30000000000000004,34
6305,-0.9,36
6306,,
6307,0.5,26
6308,-0.4,27
6309,1.4,28
6310,1.4,29
6311,1.4,30
6312,-0.2,32
6313,0.2,33
6314,-0.1,34
6315,0.7,35
6316,,
6317,0.0,25
6318,0.0,26
6319,-0.6,27
6320,,
6321,-0.1,22
6322,-0.6,23
6323,2.6,24
6324,2.6999999999999997,25
6325,2.4,26
6326,-0.09999999999999998,27
6327,2.1,28
6328,2.3,29
6329,6.0,30
6330,7.0,31
6331,1.5,32
6332,4.1,33
6333,-0.30000000000000004,34
6334,-0.2,36
6335,,
6336,0.2,22
6337,0.0,23
6338,-0.2,24
6339,-0.2,25
6340,0.19999999999999998,26
6341,-0.2,27
6342,-0.5,28
6343,,
6344,1.4000000000000001,22
6345,-0.6000000000000001,23
6346,-0.5,24
6347,0.0,26
6348,2.5,27
6349,0.7,28
6350,3.6,29
6351,2.0,30
6352,2.7,31
6353,0.5,32
6354,0.5,33
6355,4.2,34
6356,-0.3,35
6357,0.8,36
6358,,
6359,,
6360,-1.8,21
6361,1.2,22
6362,5.2,23
6363,6.3,24
6364,2.9,25
6365,5.9,26
6366,2.7,27
6367,2.4,28
6368,2.9,29
6369,6.1000000000000005,30
6370,3.1,31
6371,6.5,32
6372,-0.5,33
6373,2.6999999999999997,34
6374,,
6375,1.4000000000000001,25
6376,1.2,26
6377,-0.3,27
6378,1.1,28
6379,0.1,29
6380,-0.1,30
6381,0.3,31
6382,-1.0,32
6383,0.30000000000000004,33
6384,,
6385,-0.1,26
6386,-0.30000000000000004,27
6387,,
6388,0.0,27
6389,0.2,31
6390,,
6391,5.4,22
6392,5.2,23
6393,6.0,24
6394,1.6,25
6395,1.5,26
6396,6.0,27
6397,4.1000000000000005,28
6398,2.8000000000000003,29
6399,1.2,30
6400,4.6,31
6401,1.5999999999999999,32
6402,5.1,33
6403,3.8000000000000003,34
6404,2.6999999999999997,35
6405,0.9000000000000001,36
6406,3.1,37
6407,,
6408,,
6409,-0.3,25
6410,,
6411,0.1,23
6412,,
6413,0.0,23
6414,0.0,24
6415,-0.4,25
6416,0.5,26
6417,-0.7999999999999999,27
6418,0.7000000000000001,28
6419,1.4,29
6420,-0.2,30
6421,0.19999999999999998,31
6422,1.3,32
6423,-0.2,33
6424,0.1,34
6425,,
6426,-0.1,30
6427,1.1,31
6428,1.5999999999999999,32
6429,-0.5,33
6430,0.2,35
6431,,
6432,-0.3,22
6433,0.4,23
6434,-0.9,24
6435,0.19999999999999998,25
6436,0.5,26
6437,1.3,27
6438,-0.2,28
6439,-0.6,29
6440,-0.1,30
6441,-0.3,31
6442,,
6443,0.0,25
6444,0.0,26
6445,0.6,27
6446,-0.2,28
6447,-0.3,30
6448,-0.3,31
6449,,
6450,-0.3,24
6451,-1.2,25
6452,3.7,26
6453,2.1999999999999997,27
6454,1.1,28
6455,-0.4,29
6456,2.2,30
6457,1.6,31
6458,2.8,32
6459,0.2,33
6460,0.0,34
6461,-0.2,35
6462,-0.6,36
6463,0.2,37
6464,,
6465,-0.1,26
6466,0.1,27
6467,,
6468,,
6469,1.4,28
6470,0.5,29
6471,4.0,30
6472,2.5,31
6473,1.5,32
6474,5.3,33
6475,4.5,34
6476,4.1,35
6477,-1.5,36
6478,1.5999999999999999,37
6479,0.9,38
6480,-0.5,39
6481,-0.8999999999999999,40
6482,0.5,41
6483,0.3,42
6484,-0.19999999999999998,43
6485,,
6486,-0.1,24
6487,0.0,26
6488,,
6489,0.09999999999999998,23
6490,0.3,24
6491,3.3000000000000003,25
6492,4.0,26
6493,1.2,27
6494,0.4,29
6495,0.6,30
6496,1.4000000000000001,31
6497,-0.7,32
6498,-0.5,33
6499,-0.3,34
6500,,
6501,0.0,26
6502,-0.4,28
6503,1.2000000000000002,29
6504,-0.3,30
6505,-0.4,31
6506,,
6507,0.0,25
6508,0.2,27
6509,2.0,28
6510,,
6511,,
6512,,
6513,0.8,23
6514,-1.0,24
6515,0.2,25
6516,-0.6,26
6517,0.5,27
6518,2.5,28
6519,1.0,29
6520,,
6521,-0.30000000000000004,23
6522,-0.4,24
6523,1.2999999999999998,25
6524,0.4,26
6525,-0.8999999999999999,27
6526,-0.4,28
6527,-1.1,29
6528,,
6529,-0.1,24
6530,-0.3,25
6531,-0.1,26
6532,-0.6,27
6533,-0.7999999999999999,28
6534,-0.4,29
6535,1.7,30
6536,0.4,31
6537,,
6538,-0.1,25
6539,0.1,26
6540,,
6541,1.4,25
6542,0.4,26
6543,0.9,27
6544,2.9,28
6545,1.1,29
6546,1.9,30
6547,0.6,31
6548,0.6,32
6549,2.1,33
6550,1.3,34
6551,0.6,35
6552,0.6000000000000001,36
6553,0.0,37
6554,0.4,38
6555,0.1,39
6556,,
6557,-0.2,25
6558,2.3,26
6559,0.5,27
6560,1.0,28
6561,0.6,29
6562,,
6563,0.5,23
6564,-0.5,24
6565,-0.7000000000000001,25
6566,1.0,26
6567,2.1999999999999997,27
6568,0.9,28
6569,3.9,29
6570,0.3,30
6571,2.6,31
6572,2.4000000000000004,32
6573,-0.7,33
6574,3.1,34
6575,,
6576,-0.8,23
6577,0.9,24
6578,-0.2,25
6579,0.7,26
6580,0.30000000000000004,27
6581,-0.1,28
6582,3.3,29
6583,3.5,30
6584,3.4,31
6585,1.5,32
6586,0.2,33
6587,0.9,34
6588,,
6589,0.1,27
6590,0.4,28
6591,,
6592,-0.2,25
6593,-0.5,26
6594,0.0,27
6595,,
6596,-0.1,20
6597,-0.1,21
6598,-0.1,22
6599,-0.49999999999999994,23
6600,3.1,24
6601,2.8,25
6602,2.5,26
6603,1.6,27
6604,4.1,28
6605,0.6000000000000001,29
6606,2.0,30
6607,1.7,31
6608,1.7999999999999998,32
6609,-0.6,33
6610,-1.3,34
6611,-0.3,35
6612,-0.2,37
6613,,
6614,-0.2,27
6615,0.0,28
6616,2.7,29
6617,1.8,30
6618,-0.1,31
6619,0.0,32
6620,,
6621,0.6,21
6622,0.7,23
6623,-0.6,24
6624,0.5,25
6625,,
6626,1.1,22
6627,3.1,23
6628,3.3,24
6629,4.199999999999999,25
6630,-0.2,26
6631,2.6,27
6632,2.0,28
6633,-0.9,29
6634,-0.4,30
6635,0.7999999999999999,32
6636,-0.6,33
6637,,
6638,,
6639,0.5,25
6640,0.0,26
6641,,
6642,-0.3,24
6643,0.1,25
6644,,
6645,0.0,20
6646,-0.2,22
6647,0.39999999999999997,23
6648,0.0,24
6649,0.5,25
6650,,
6651,0.8,23
6652,0.6,24
6653,0.0,25
6654,0.8,26
6655,,
6656,1.7,24
6657,3.4,25
6658,0.8,26
6659,0.0,27
6660,-0.2,28
6661,,
6662,1.1,22
6663,3.1,23
6664,3.3,24
6665,4.199999999999999,25
6666,-0.2,26
6667,2.6,27
6668,2.0,28
6669,-0.9,29
6670,-0.4,30
6671,0.7999999999999999,32
6672,-0.6,33
6673,,
6674,0.4,23
6675,-0.4,24
6676,2.2,25
6677,-0.5,26
6678,0.6,27
6679,-0.2,28
6680,-0.3,29
6681,0.1,30
6682,,
6683,1.3,23
6684,3.3000000000000003,24
6685,0.4,25
6686,-0.3,26
6687,-1.2,27
6688,1.0,28
6689,1.0,29
6690,2.6,30
6691,-0.1,31
6692,0.6,32
6693,0.8,33
6694,0.1,34
6695,1.3,35
6696,-0.8,36
6697,,
6698,-1.1,20
6699,1.9,21
6700,1.2999999999999998,22
6701,3.1,23
6702,0.6,24
6703,1.0,25
6704,-0.3,26
6705,-1.2,27
6706,-0.4,30
6707,,
6708,0.1,25
6709,-0.1,26
6710,-0.2,27
6711,3.9,28
6712,4.1,29
6713,1.9,30
6714,4.5,31
6715,1.8,32
6716,1.7,33
6717,1.6,34
6718,1.3,35
6719,-1.6,36
6720,-0.4,38
6721,,
6722,0.6,23
6723,4.3,24
6724,3.1,25
6725,-0.9,26
6726,0.1,27
6727,0.3,28
6728,3.1,29
6729,0.20000000000000007,30
6730,1.4000000000000001,31
6731,-0.3,32
6732,,
6733,0.1,22
6734,0.0,23
6735,-0.5,24
6736,0.5,25
6737,0.8,26
6738,1.6,27
6739,1.7999999999999998,28
6740,0.5,29
6741,3.3,30
6742,-0.4,31
6743,,
6744,-0.9,22
6745,0.6,23
6746,-0.39999999999999997,24
6747,,
6748,0.30000000000000004,18
6749,-0.1,19
6750,3.9,20
6751,1.7,21
6752,1.2,22
6753,-0.6,23
6754,-0.7999999999999999,24
6755,0.1,25
6756,,
6757,1.9999999999999998,21
6758,1.4000000000000001,22
6759,1.3,23
6760,-0.4,24
6761,-0.6,25
6762,0.2,29
6763,0.0,30
6764,0.6,31
6765,0.19999999999999973,32
6766,-1.0,33
6767,-0.2,34
6768,,
6769,-0.2,23
6770,0.5,24
6771,0.1,25
6772,0.5,26
6773,0.2,27
6774,1.5,28
6775,0.9,29
6776,-0.4,30
6777,0.4,31
6778,1.0,32
6779,1.4,33
6780,0.2,34
6781,0.3,35
6782,,
6783,1.4,25
6784,-0.3,26
6785,0.0,27
6786,-0.7,28
6787,0.8,29
6788,1.8,30
6789,2.6999999999999997,31
6790,0.3,32
6791,,
6792,0.7,26
6793,-0.3,27
6794,0.0,29
6795,0.0,30
6796,1.2000000000000002,31
6797,0.3,32
6798,-0.7,33
6799,,
6800,-0.4,23
6801,-0.1,24
6802,,
6803,0.6,26
6804,-1.0,27
6805,,
6806,1.8,27
6807,-0.1,28
6808,0.1,29
6809,,
6810,-0.3,24
6811,0.1,25
6812,-0.9,26
6813,-0.3,27
6814,-1.1,28
6815,0.3,29
6816,1.3,30
6817,1.3,31
6818,-0.2,32
6819,-0.30000000000000004,33
6820,3.0,34
6821,0.7999999999999999,35
6822,,
6823,1.2,22
6824,1.8,23
6825,1.3,24
6826,-0.7,25
6827,0.6,26
6828,0.3,27
6829,1.0,28
6830,2.3,29
6831,1.5,30
6832,2.2,31
6833,,
6834,0.1,25
6835,,
6836,-0.5,22
6837,0.0,23
6838,-0.1,24
6839,,
6840,1.0,24
6841,0.8,25
6842,-0.2,26
6843,0.0,27
6844,-0.4,29
6845,,
6846,1.0,22
6847,2.5,23
6848,-0.3,24
6849,0.0,25
6850,0.8,26
6851,,
6852,0.8,23
6853,-1.8,24
6854,0.5,25
6855,0.8,26
6856,-0.2,27
6857,-0.1,28
6858,0.7,29
6859,0.3,30
6860,-0.6,31
6861,-0.1,32
6862,,
6863,0.6,21
6864,,
6865,-0.1,24
6866,-0.1,25
6867,,
6868,0.49999999999999994,23
6869,-0.9,24
6870,0.1,25
6871,0.6,26
6872,-0.5,27
6873,-0.2,28
6874,-0.30000000000000004,29
6875,,
6876,0.2,24
6877,,
6878,-0.1,22
6879,0.0,23
6880,1.1,24
6881,2.9,25
6882,1.8,26
6883,0.0,27
6884,1.5,28
6885,-0.4,29
6886,,
6887,-0.2,21
6888,0.2,23
6889,0.7999999999999999,27
6890,0.7,28
6891,0.0,29
6892,,
6893,0.1,21
6894,2.2,22
6895,4.1000000000000005,23
6896,2.3,24
6897,6.0,25
6898,0.5,26
6899,0.4,27
6900,0.5,28
6901,2.9,29
6902,2.1,30
6903,-0.8,31
6904,,
6905,0.4,26
6906,0.0,27
6907,2.1,28
6908,0.30000000000000004,29
6909,0.6,30
6910,1.6,31
6911,-0.5,32
6912,-1.1,33
6913,-0.4,34
6914,,
6915,-0.1,30
6916,-0.1,31
6917,0.7,32
6918,0.8999999999999999,33
6919,-0.5,35
6920,,
6921,,
6922,0.1,25
6923,0.3,26
6924,-0.1,27
6925,1.9,28
6926,0.8,29
6927,2.4,30
6928,1.2,31
6929,0.2,32
6930,-0.4,33
6931,0.8,34
6932,0.8,35
6933,,
6934,0.3,24
6935,-0.5,25
6936,2.4,26
6937,2.1,27
6938,0.3,28
6939,0.49999999999999994,29
6940,1.2,30
6941,2.2,31
6942,-0.2,32
6943,3.1,33
6944,1.4000000000000001,34
6945,-0.7,35
6946,,
6947,0.19999999999999998,23
6948,1.8,24
6949,2.8,25
6950,-0.5,26
6951,-0.9,27
6952,-0.9,28
6953,,
6954,,
6955,,
6956,-0.1,26
6957,1.1,27
6958,,
6959,0.5,21
6960,0.9,22
6961,0.2,23
6962,0.1,24
6963,0.8,25
6964,-0.9,26
6965,-0.1,27
6966,,
6967,1.0,22
6968,-1.6,23
6969,1.6,24
6970,1.5,25
6971,-1.0,26
6972,-0.1,27
6973,1.1,28
6974,2.6,29
6975,-1.3,30
6976,-0.7999999999999999,31
6977,,
6978,0.1,25
6979,,
6980,0.6,22
6981,1.1,23
6982,,
6983,0.2,25
6984,0.3,26
6985,-0.3,27
6986,,
6987,2.3,20
6988,0.5,21
6989,1.6,22
6990,5.9,23
6991,5.1,24
6992,4.8,25
6993,0.9,26
6994,2.3,27
6995,4.6,28
6996,3.0,29
6997,2.6,30
6998,3.4,31
6999,0.39999999999999997,32
7000,0.6,33
7001,0.0,34
7002,-0.8,35
7003,,
7004,2.4,23
7005,3.6,24
7006,2.7,25
7007,3.7,26
7008,0.3,27
7009,0.2,29
7010,0.6,30
7011,1.7,31
7012,0.5,32
7013,1.2,33
7014,0.9000000000000001,34
7015,0.4,35
7016,,
7017,-0.2,23
7018,0.8,24
7019,0.4,25
7020,0.8,26
7021,2.1,27
7022,-0.2,28
7023,2.4,29
7024,-0.2,30
7025,2.2,32
7026,1.1,33
7027,1.2,34
7028,2.8,35
7029,1.8,36
7030,1.9,37
7031,0.9999999999999999,38
7032,0.0,39
7033,,
7034,,
7035,0.30000000000000004,24
7036,0.1,25
7037,0.0,26
7038,-0.3,27
7039,0.2,28
7040,1.5,29
7041,0.9,30
7042,1.8,31
7043,1.0,32
7044,0.9,33
7045,-0.4,34
7046,1.0,37
7047,0.1,38
7048,,
7049,0.9,26
7050,-0.3,27
7051,-0.3,28
7052,0.29999999999999993,29
7053,,
7054,0.1,24
7055,-0.2,27
7056,,
7057,0.0,23
7058,3.8,24
7059,1.3,25
7060,3.5,26
7061,0.09999999999999998,27
7062,2.5,28
7063,-0.2,29
7064,0.1,30
7065,-0.4,31
7066,-1.9,32
7067,1.3,34
7068,1.9,35
7069,-0.1,36
7070,,
7071,0.3,24
7072,-0.2,25
7073,0.0,26
7074,-0.1,27
7075,-0.3,30
7076,2.3,31
7077,2.1,32
7078,-1.0,33
7079,0.6,34
7080,1.0,35
7081,-0.5,36
7082,-0.7,37
7083,,
7084,0.0,27
7085,,
7086,0.30000000000000004,24
7087,-0.9,25
7088,2.6,26
7089,1.1,27
7090,1.1,28
7091,0.19999999999999998,29
7092,-2.0,30
7093,,
7094,,
7095,,
7096,-0.2,25
7097,-0.1,28
7098,,
7099,,
7100,3.2,23
7101,2.3000000000000003,24
7102,6.6,25
7103,0.1,26
7104,-0.4,27
7105,-0.9,29
7106,-1.5,30
7107,,
7108,0.5,23
7109,0.0,24
7110,1.4000000000000001,25
7111,1.8,26
7112,,
7113,1.5,24
7114,0.0,25
7115,0.1,27
7116,1.7,28
7117,3.9,29
7118,2.1,30
7119,3.3,31
7120,2.9,32
7121,3.3,33
7122,3.0,34
7123,-0.1,36
7124,1.8,37
7125,3.2,38
7126,-0.3,39
7127,0.0,40
7128,0.5,41
7129,,
7130,-0.3,26
7131,-0.2,29
7132,0.5,31
7133,1.7,33
7134,0.0,34
7135,-0.3,35
7136,,
7137,-0.2,24
7138,,
7139,1.2,22
7140,2.4,23
7141,0.4,24
7142,0.0,25
7143,0.0,26
7144,,
7145,-0.2,24
7146,0.6,25
7147,1.4,26
7148,4.6000000000000005,27
7149,0.5,28
7150,-0.1,29
7151,1.9000000000000001,30
7152,1.2,31
7153,-0.5,32
7154,-1.0,33
7155,,
7156,-0.6,24
7157,-0.9,25
7158,0.1,26
7159,-0.1,28
7160,0.1,32
7161,1.5,33
7162,-0.5,34
7163,,
7164,,
7165,-0.5,37
7166,0.2,38
7167,,
7168,0.6,25
7169,-1.4,26
7170,0.9,27
7171,1.3,28
7172,0.0,29
7173,0.3,30
7174,0.6000000000000001,31
7175,-0.09999999999999998,32
7176,0.4,33
7177,,
7178,-0.6000000000000001,27
7179,,
7180,-0.1,22
7181,-0.3,24
7182,-0.3,25
7183,-0.2,26
7184,,
7185,0.0,25
7186,0.8,26
7187,-0.7000000000000001,27
7188,1.3,28
7189,2.4,29
7190,1.4,30
7191,-0.5,31
7192,,
7193,0.1,24
7194,,
7195,0.0,25
7196,,
7197,0.3,29
7198,0.6,30
7199,1.2000000000000002,31
7200,-0.2,32
7201,-0.3,33
7202,1.4,34
7203,1.1,35
7204,0.6,36
7205,0.3,37
7206,-0.1,38
7207,0.0,39
7208,-0.6000000000000001,40
7209,,
7210,0.0,21
7211,1.5,22
7212,4.7,23
7213,2.9,24
7214,1.5,25
7215,0.0,26
7216,-2.0,27
7217,0.9,28
7218,-0.8,29
7219,2.6,30
7220,2.6,31
7221,-1.3,32
7222,,
7223,3.2,21
7224,0.2,22
7225,0.1,23
7226,-0.1,24
7227,0.8,25
7228,,
7229,-0.1,24
7230,0.2,25
7231,0.7000000000000001,26
7232,-0.1,27
7233,0.1,31
7234,2.1,32
7235,0.5,33
7236,0.30000000000000004,34
7237,0.8999999999999999,35
7238,-0.9,36
7239,,
7240,-3.7,23
7241,,
7242,0.9,25
7243,1.9,26
7244,,
7245,-0.1,21
7246,,
7247,,
7248,0.1,26
7249,1.6,27
7250,2.3,28
7251,-1.2,29
7252,-0.2,30
7253,0.2,31
7254,0.8,32
7255,0.9,33
7256,-0.3,34
7257,0.0,35
7258,,
7259,1.1,27
7260,0.6,28
7261,0.7999999999999999,29
7262,,
7263,,
7264,-0.1,26
7265,,
7266,-0.1,22
7267,0.6,23
7268,1.2999999999999998,24
7269,1.8,25
7270,0.9,26
7271,1.7,27
7272,0.4,28
7273,-0.2,29
7274,0.0,30
7275,0.9,31
7276,1.4,32
7277,-1.0,33
7278,-0.4999999999999999,34
7279,0.8,35
7280,0.0,36
7281,,
7282,1.1,22
7283,6.4,23
7284,5.1,24
7285,5.1000000000000005,25
7286,1.9,26
7287,-0.3,27
7288,0.7000000000000001,28
7289,0.7,29
7290,0.0,30
7291,-0.6,31
7292,,
7293,-0.4,24
7294,-0.1,25
7295,-0.7,26
7296,,
7297,-0.2,24
7298,0.2,25
7299,0.2,27
7300,,
7301,2.0,23
7302,3.2,24
7303,1.5999999999999999,25
7304,2.5,26
7305,3.0,27
7306,0.7999999999999999,28
7307,1.4,29
7308,0.1,30
7309,1.7,31
7310,-0.8,32
7311,0.9,33
7312,1.3,34
7313,1.4,35
7314,1.5,36
7315,0.7,37
7316,1.0,38
7317,0.8,39
7318,0.3,40
7319,0.9,42
7320,-0.2,43
7321,-0.5,44
7322,,
7323,-0.3,24
7324,-0.2,25
7325,1.6,27
7326,0.5,28
7327,1.0,29
7328,-0.4,30
7329,0.6,31
7330,,
7331,-0.30000000000000004,23
7332,0.1,24
7333,0.8,25
7334,0.6,26
7335,,
7336,,
7337,-0.30000000000000004,26
7338,4.8999999999999995,27
7339,0.2,28
7340,-0.9,29
7341,1.5,30
7342,0.0,31
7343,0.7000000000000001,32
7344,-0.19999999999999998,33
7345,-0.2,34
7346,,
7347,-0.1,24
7348,,
7349,-0.3,24
7350,0.19999999999999998,25
7351,-0.2,26
7352,-0.4,28
7353,,
7354,1.0,23
7355,1.3,24
7356,2.1,25
7357,4.2,26
7358,4.6,27
7359,6.3,28
7360,3.4,29
7361,1.7999999999999998,30
7362,1.8,31
7363,-1.7999999999999998,32
7364,2.6,34
7365,0.8,35
7366,5.7,36
7367,2.6,37
7368,0.9,38
7369,,
7370,0.7000000000000001,23
7371,0.3,24
7372,-1.0,26
7373,,
7374,0.5,22
7375,2.4000000000000004,23
7376,3.5,24
7377,-0.1,25
7378,0.49999999999999994,26
7379,0.3,27
7380,-0.30000000000000004,28
7381,-0.5,29
7382,,
7383,-0.1,23
7384,-0.3,24
7385,1.1,25
7386,2.4,26
7387,1.5,27
7388,0.5,28
7389,-0.8,29
7390,-0.3,32
7391,,
7392,-0.2,25
7393,4.8999999999999995,26
7394,,
7395,-0.4,22
7396,-0.2,23
7397,0.8,25
7398,0.8,26
7399,0.3,27
7400,-0.30000000000000004,29
7401,0.5,30
7402,0.3,32
7403,,
7404,,
7405,0.2,24
7406,1.4,25
7407,1.0,26
7408,-0.3,27
7409,-1.3,28
7410,-0.7,29
7411,,
7412,1.1,23
7413,2.1,24
7414,0.6,25
7415,0.3,26
7416,-0.5,27
7417,0.0,28
7418,,
7419,0.0,25
7420,,
7421,-0.2,21
7422,3.8000000000000003,22
7423,3.9,23
7424,5.2,24
7425,3.8000000000000003,25
7426,2.8,26
7427,1.3,27
7428,3.8999999999999995,28
7429,7.800000000000001,29
7430,5.3999999999999995,30
7431,3.6999999999999997,31
7432,5.300000000000001,32
7433,0.7000000000000001,34
7434,1.2,35
7435,3.3,36
7436,2.1,37
7437,5.0,38
7438,5.800000000000001,39
7439,4.3,40
7440,0.7,41
7441,-0.6,42
7442,,
7443,,
7444,3.0999999999999996,23
7445,2.2,24
7446,-0.5,25
7447,2.4000000000000004,27
7448,0.4000000000000001,28
7449,2.0,29
7450,2.1,30
7451,0.6000000000000001,31
7452,-0.09999999999999998,32
7453,0.2,33
7454,,
7455,0.2,22
7456,0.4,23
7457,1.0,24
7458,0.2,25
7459,0.9,26
7460,0.5,27
7461,0.30000000000000004,28
7462,-0.6,30
7463,-0.5,31
7464,1.3,32
7465,0.1,33
7466,-0.30000000000000004,34
7467,,
7468,0.6,22
7469,-0.6,23
7470,0.3,24
7471,1.5,25
7472,4.1000000000000005,26
7473,1.5,27
7474,1.7,28
7475,2.4,29
7476,2.9,30
7477,2.7,31
7478,1.6,32
7479,0.7,33
7480,,
7481,0.9999999999999999,22
7482,0.8,23
7483,2.1,24
7484,3.3000000000000003,25
7485,4.8,26
7486,1.2,27
7487,6.6,28
7488,4.0,29
7489,5.3,30
7490,1.9,31
7491,1.1,32
7492,-0.1,33
7493,,
7494,0.2,24
7495,,
7496,,
7497,-0.5,20
7498,1.6,21
7499,1.2999999999999998,22
7500,2.0,23
7501,1.6,24
7502,4.699999999999999,25
7503,3.8000000000000003,26
7504,3.9,27
7505,0.8,28
7506,1.1,29
7507,1.9,30
7508,0.19999999999999998,31
7509,0.1,33
7510,,
7511,-2.4,27
7512,-0.7,28
7513,-0.7999999999999999,30
7514,0.2,31
7515,,
7516,1.5,22
7517,0.9,23
7518,6.0,24
7519,6.1000000000000005,25
7520,5.2,26
7521,4.2,27
7522,0.1,28
7523,2.6,29
7524,4.6,30
7525,2.5,31
7526,5.5,32
7527,0.8,33
7528,3.0,34
7529,1.7999999999999998,35
7530,,
7531,0.30000000000000004,24
7532,-1.0,25
7533,2.7,26
7534,2.6,27
7535,1.5,28
7536,2.3,29
7537,3.9000000000000004,30
7538,3.9,31
7539,2.5,32
7540,2.8,34
7541,0.7000000000000001,35
7542,1.3,36
7543,0.4,37
7544,0.30000000000000004,38
7545,,
7546,-0.1,26
7547,,
7548,0.1,23
7549,-0.7,24
7550,,
7551,-0.2,21
7552,0.2,22
7553,0.5,23
7554,0.2,24
7555,3.9,25
7556,1.2000000000000002,26
7557,1.7000000000000002,27
7558,1.1,28
7559,-0.1,29
7560,,
7561,-0.7,23
7562,1.1,25
7563,0.4,26
7564,1.5,27
7565,1.3,28
7566,0.7,29
7567,1.0,30
7568,1.2,31
7569,0.1,32
7570,0.1,33
7571,-0.6,34
7572,,
7573,0.1,24
7574,0.1,25
7575,-1.4,26
7576,,
7577,0.6,24
7578,0.2,25
7579,-0.1,26
7580,0.1,27
7581,-0.1,29
7582,,
7583,-0.2,24
7584,0.1,25
7585,,
7586,-0.3,21
7587,2.2,22
7588,1.8,23
7589,0.9,24
7590,1.8,25
7591,0.3,26
7592,-0.5,27
7593,1.7,28
7594,-0.4,29
7595,1.6,30
7596,-0.09999999999999998,31
7597,0.1,32
7598,-0.3,33
7599,,
7600,,
7601,,
7602,-0.1,24
7603,,
7604,-0.2,23
7605,0.2,24
7606,,
7607,1.0,24
7608,5.0,25
7609,3.1,26
7610,1.9,27
7611,3.5,28
7612,0.1,29
7613,1.6,30
7614,1.6,31
7615,1.3,32
7616,2.8,33
7617,1.2999999999999998,34
7618,0.0,35
7619,,
7620,-0.4,23
7621,-0.3,24
7622,0.7000000000000001,25
7623,1.5,26
7624,3.1,27
7625,0.09999999999999998,28
7626,-1.6,29
7627,-0.9,30
7628,,
7629,1.3,25
7630,3.0,26
7631,0.4,27
7632,0.2,33
7633,-1.1,34
7634,,
7635,,
7636,-1.0,20
7637,-0.39999999999999997,21
7638,-1.2000000000000002,22
7639,1.5,23
7640,-0.09999999999999998,24
7641,-1.0,25
7642,-1.0,26
7643,0.30000000000000004,27
7644,1.8,28
7645,,
7646,2.9,24
7647,0.5,25
7648,-0.1,26
7649,,
7650,-0.2,23
7651,-0.1,24
7652,1.1,25
7653,,
7654,,
7655,,
7656,0.4,22
7657,0.7,23
7658,0.4,24
7659,0.3,25
7660,0.9,26
7661,0.6,27
7662,,
7663,0.7,23
7664,,
7665,-0.2,24
7666,,
7667,0.1,23
7668,,
7669,,
7670,-0.1,22
7671,1.8,23
7672,-0.1,24
7673,0.7,25
7674,-0.9,26
7675,0.49999999999999994,27
7676,-0.20000000000000004,28
7677,0.4,29
7678,-0.5,30
7679,,
7680,,
7681,0.0,26
7682,-0.8,27
7683,-0.2,28
7684,,
7685,0.5,22
7686,-0.3,23
7687,,
7688,0.0,23
7689,-0.5,24
7690,0.6,25
7691,-1.7999999999999998,26
7692,-0.8,27
7693,,
7694,0.1,25
7695,0.0,26
7696,2.8000000000000003,32
7697,0.5,33
7698,,
7699,0.1,25
7700,0.0,26
7701,2.8000000000000003,32
7702,0.5,33
7703,,
7704,-1.5,22
7705,2.0,23
7706,3.3,24
7707,3.3,25
7708,,
7709,0.6,25
7710,-0.1,26
7711,1.1,27
7712,0.0,28
7713,0.7,29
7714,-2.5,30
7715,,
7716,-0.4,23
7717,0.3,24
7718,0.3,25
7719,-0.30000000000000004,26
7720,0.0,27
7721,,
7722,,
7723,0.0,23
7724,0.1,24
7725,,
7726,0.2,24
7727,-0.3,25
7728,0.3,30
7729,,
7730,1.9,31
7731,0.30000000000000004,32
7732,3.6,33
7733,3.8,34
7734,0.6,35
7735,2.0,36
7736,0.5,37
7737,0.9,38
7738,0.1,39
7739,-0.3,40
7740,-0.3,41
7741,,
7742,,
7743,,
7744,0.1,22
7745,-0.3,23
7746,0.2,24
7747,-0.4,25
7748,,
7749,,
7750,0.30000000000000004,24
7751,-0.9,25
7752,2.6,26
7753,1.1,27
7754,1.1,28
7755,0.19999999999999998,29
7756,-2.0,30
7757,,
7758,0.4,22
7759,0.8,23
7760,2.4,24
7761,1.4,25
7762,,
7763,-0.4,21
7764,0.3,22
7765,0.5,23
7766,-1.1,24
7767,3.6999999999999997,25
7768,3.8,26
7769,-0.4,27
7770,-0.5,28
7771,-1.3,29
7772,1.3,30
7773,1.3,31
7774,-1.5,32
7775,-0.9,33
7776,,
7777,,
7778,-0.2,21
7779,0.6,24
7780,-1.3,25
7781,0.8,26
7782,1.2,27
7783,1.3,28
7784,3.9,29
7785,1.4,30
7786,2.2,31
7787,-0.30000000000000004,32
7788,0.6,33
7789,-0.2,34
7790,1.0,35
7791,1.2,36
7792,-1.9,37
7793,1.5,38
7794,-0.2,39
7795,1.3,40
7796,-1.6,41
7797,,
7798,0.5,23
7799,2.3,24
7800,0.5,25
7801,-0.2,26
7802,1.2,27
7803,-0.1,28
7804,,
7805,0.7000000000000001,22
7806,-1.3,23
7807,0.9,24
7808,1.8,25
7809,1.5,26
7810,-0.4,27
7811,-0.5,28
7812,-0.1,29
7813,,
7814,-1.3,22
7815,-0.1,23
7816,0.0,27
7817,0.3,29
7818,0.2,31
7819,,
7820,-0.4,23
7821,,
7822,2.3,23
7823,5.1,24
7824,3.1,25
7825,3.9999999999999996,26
7826,5.3,27
7827,2.3,28
7828,1.4,29
7829,0.9999999999999999,30
7830,,
7831,,
7832,,
7833,3.4,21
7834,1.1,22
7835,1.6,23
7836,3.9,24
7837,0.1,25
7838,,
7839,0.0,22
7840,0.1,23
7841,-0.1,24
7842,,
7843,0.0,25
7844,1.1,26
7845,-0.9,27
7846,,
7847,-0.1,22
7848,-0.2,23
7849,0.7,24
7850,-1.0,25
7851,-0.1,26
7852,-0.5,27
7853,0.2,28
7854,,
7855,-1.2,21
7856,,
7857,-0.5,23
7858,-1.3,24
7859,1.7,25
7860,1.7,26
7861,-0.30000000000000004,27
7862,,
7863,0.5,24
7864,,
7865,-0.6,28
7866,0.2,29
7867,,
7868,1.7000000000000002,25
7869,0.0,26
7870,2.0,27
7871,-0.3,28
7872,2.2,29
7873,1.3,30
7874,1.7,31
7875,1.1,32
7876,2.0,33
7877,0.7,34
7878,-0.2,35
7879,-0.8,36
7880,,
7881,0.2,25
7882,-0.1,26
7883,1.1,27
7884,-0.2,28
7885,0.6,29
7886,0.4,30
7887,0.5,31
7888,1.4000000000000001,32
7889,-0.2,33
7890,,
7891,,
7892,-0.1,24
7893,0.2,25
7894,-0.6,26
7895,-0.2,27
7896,,
7897,,
7898,1.9,25
7899,1.0,26
7900,0.9,27
7901,2.3,28
7902,1.2000000000000002,29
7903,0.7000000000000001,30
7904,-0.8,31
7905,,
7906,,
7907,-0.2,22
7908,0.0,23
7909,1.7,24
7910,1.5,25
7911,-0.1,26
7912,0.2,27
7913,,
7914,0.5,24
7915,1.3,25
7916,0.0,26
7917,0.8999999999999999,27
7918,-0.7,28
7919,0.0,29
7920,0.6000000000000001,30
7921,-1.6,31
7922,0.6,32
7923,,
7924,1.7999999999999998,23
7925,2.2,24
7926,2.7,25
7927,,
7928,0.2,24
7929,0.1,25
7930,-0.30000000000000004,26
7931,0.4,27
7932,0.30000000000000004,28
7933,0.1,29
7934,,
7935,0.1,24
7936,-0.4,26
7937,-0.1,27
7938,,
7939,-0.1,24
7940,,
7941,,
7942,0.2,26
7943,-0.1,27
7944,-0.6,28
7945,-0.5,29
7946,0.5,30
7947,,
7948,-0.2,27
7949,0.3,28
7950,-0.3,29
7951,-0.1,30
7952,,
7953,-0.1,25
7954,-0.10000000000000003,26
7955,-0.3,27
7956,0.3,28
7957,1.9,29
7958,0.3,30
7959,,
7960,-0.3,23
7961,-0.2,24
7962,,
7963,0.2,22
7964,0.5,23
7965,0.2,25
7966,-0.3,26
7967,0.0,27
7968,0.0,28
7969,,
7970,-0.3,25
7971,,
7972,-0.1,25
7973,,
7974,,
7975,0.4,25
7976,2.4,26
7977,-1.0,27
7978,0.1,28
7979,-0.4,29
7980,2.0,30
7981,1.2000000000000002,31
7982,0.7,32
7983,-1.0,33
7984,1.0,34
7985,,
7986,1.6,24
7987,-0.4,25
7988,0.9,26
7989,0.4,27
7990,2.4,28
7991,-1.9,29
7992,-0.9,30
7993,0.0,32
7994,,
7995,-0.1,23
7996,-1.0,25
7997,1.2,26
7998,-0.09999999999999998,27
7999,-0.2,29
8000,0.0,31
8001,1.5,32
8002,1.5,33
8003,-0.2,34
8004,-1.0,35
8005,-0.7,36
8006,,
8007,-0.7,25
8008,0.0,27
8009,3.0,28
8010,-1.0,29
8011,0.9,30
8012,0.20000000000000004,31
8013,1.2,32
8014,-1.0,33
8015,,
8016,,
8017,-0.3,23
8018,0.6,24
8019,1.1,25
8020,,
8021,-0.2,26
8022,0.0,27
8023,,
8024,0.0,25
8025,0.3,26
8026,1.0,27
8027,0.4,28
8028,,
8029,1.0999999999999999,24
8030,0.5,25
8031,0.5,26
8032,-0.6000000000000001,27
8033,0.30000000000000004,28
8034,0.30000000000000004,29
8035,2.0,30
8036,-1.0,31
8037,0.0,32
8038,,
8039,,
8040,-0.49999999999999994,27
8041,1.4,28
8042,,
8043,0.0,22
8044,-0.4,23
8045,1.2,24
8046,2.7,25
8047,1.9,26
8048,1.3,27
8049,-0.5,28
8050,-0.7,29
8051,-0.8,30
8052,0.0,31
8053,,
8054,-0.5,20
8055,-0.4,21
8056,1.7,22
8057,0.2,23
8058,0.2,24
8059,0.4,25
8060,-0.4,26
8061,1.7,27
8062,-0.1,28
8063,-0.9,29
8064,1.2,30
8065,1.3,31
8066,0.5,32
8067,1.2,33
8068,0.2,34
8069,-1.0,35
8070,-0.7,36
8071,,
8072,0.2,24
8073,1.4,25
8074,0.3,26
8075,1.9,27
8076,0.2,28
8077,0.2,29
8078,,
8079,-1.6,24
8080,1.1999999999999997,25
8081,-0.6,26
8082,-0.2,27
8083,1.6,29
8084,0.1,32
8085,-0.2,33
8086,,
8087,-0.1,20
8088,-0.1,21
8089,3.4,22
8090,4.3,23
8091,1.7999999999999998,24
8092,4.8,25
8093,1.7000000000000002,26
8094,2.0,27
8095,2.5,28
8096,,
8097,1.0,19
8098,-0.2,20
8099,0.1,21
8100,1.4,22
8101,,
8102,,
8103,-0.5,23
8104,0.0,25
8105,1.7,26
8106,1.0,27
8107,0.7,28
8108,0.5,29
8109,0.3,30
8110,-0.7,31
8111,-0.8,32
8112,,
8113,-0.2,22
8114,,
8115,,
8116,0.4,25
8117,-0.4,26
8118,,
8119,0.4,25
8120,-0.3,26
8121,0.2,27
8122,,
8123,,
8124,-0.6,23
8125,0.4,25
8126,2.4,26
8127,2.4,27
8128,1.5,28
8129,-0.1,29
8130,3.8,30
8131,0.3,32
8132,,
8133,0.2,23
8134,,
8135,-0.9,21
8136,0.0,23
8137,0.6,24
8138,-0.3,25
8139,0.3,27
8140,-0.1,28
8141,-1.0,29
8142,0.0,30
8143,-0.3,31
8144,,
8145,-0.3,23
8146,-1.4000000000000001,24
8147,0.4,25
8148,0.6,26
8149,0.2,27
8150,-0.5,28
8151,-1.2999999999999998,29
8152,,
8153,0.0,28
8154,,
8155,0.1,26
8156,0.0,27
8157,-0.6,28
8158,-0.1,31
8159,,
8160,2.3,23
8161,0.9,24
8162,0.2,25
8163,4.3,26
8164,0.5,27
8165,3.4,28
8166,-1.4,29
8167,-0.19999999999999998,30
8168,,
8169,-0.2,24
8170,-0.2,26
8171,-0.3,27
8172,1.0,29
8173,-0.1,30
8174,1.0,31
8175,0.1,32
8176,,
8177,0.2,23
8178,-0.2,24
8179,-0.7,25
8180,,
8181,0.1,25
8182,0.4,26
8183,,
8184,-0.9,24
8185,-0.1,25
8186,1.6,26
8187,0.9,27
8188,0.6,28
8189,0.8,29
8190,1.0,30
8191,1.6,31
8192,1.2,32
8193,1.3,33
8194,-0.3,34
8195,-0.2,35
8196,,
8197,-0.1,24
8198,-0.1,26
8199,-0.2,28
8200,,
8201,-0.2,22
8202,4.0,23
8203,4.1000000000000005,24
8204,1.7,25
8205,5.4,26
8206,4.300000000000001,27
8207,8.5,28
8208,8.0,29
8209,4.4,30
8210,1.0,31
8211,2.4,32
8212,7.4,33
8213,6.3999999999999995,34
8214,6.8,35
8215,7.300000000000001,36
8216,,
8217,,
8218,-0.1,22
8219,0.2,23
8220,,
8221,0.0,22
8222,1.7,23
8223,-0.1,24
8224,-0.30000000000000004,25
8225,0.0,26
8226,0.8,28
8227,0.5,29
8228,-0.8,30
8229,-0.8,31
8230,,
8231,0.0,24
8232,0.4,25
8233,-0.1,26
8234,-0.2,27
8235,,
8236,-0.9,25
8237,0.6,26
8238,-0.3,27
8239,0.5,30
8240,-0.1,32
8241,,
8242,0.09999999999999998,24
8243,0.1,25
8244,,
8245,1.3,32
8246,1.1,33
8247,1.2,34
8248,0.1,35
8249,,
8250,-0.4,28
8251,0.19999999999999996,29
8252,0.0,30
8253,-0.1,31
8254,,
8255,0.0,36
8256,0.7,39
8257,,
8258,-0.7000000000000001,24
8259,0.8,25
8260,4.5,26
8261,3.0,27
8262,3.7,28
8263,1.7,29
8264,3.5,30
8265,3.5,31
8266,-0.2,32
8267,0.8,33
8268,0.1,35
8269,,
8270,-0.4,26
8271,0.3,27
8272,,
8273,2.0,27
8274,-0.5,28
8275,0.6,29
8276,0.8,30
8277,0.1,31
8278,0.1,32
8279,,
8280,0.7,21
8281,1.7,22
8282,0.3,23
8283,0.8,24
8284,2.9,25
8285,0.8,26
8286,3.3,27
8287,4.3,28
8288,1.5,29
8289,3.1999999999999997,30
8290,5.0,31
8291,0.1,33
8292,,
8293,-0.2,21
8294,2.6,22
8295,-0.1,23
8296,2.9,24
8297,1.5,25
8298,2.0,26
8299,0.3,27
8300,1.7,28
8301,-0.4,29
8302,,
8303,2.0,23
8304,1.7,24
8305,-0.3,25
8306,2.0,26
8307,-0.1,27
8308,2.5,28
8309,,
8310,-0.1,22
8311,0.19999999999999998,23
8312,-0.49999999999999994,24
8313,2.0,25
8314,4.8999999999999995,26
8315,2.8,27
8316,2.9,28
8317,0.5999999999999999,29
8318,6.6,30
8319,2.6,31
8320,1.7,32
8321,1.0999999999999999,33
8322,-0.9,34
8323,-0.6,35
8324,,
8325,,
8326,0.1,23
8327,1.1,24
8328,3.4,25
8329,1.9,26
8330,-1.0,27
8331,,
8332,-0.1,23
8333,0.2,24
8334,,
8335,1.5,22
8336,0.9,23
8337,1.9,24
8338,2.6,25
8339,1.2,26
8340,1.4,27
8341,2.8,28
8342,3.1,29
8343,0.7,30
8344,0.0,31
8345,,
8346,1.4,24
8347,1.4,25
8348,-2.1,26
8349,1.2,27
8350,2.2,28
8351,2.8,29
8352,5.8,30
8353,3.4,31
8354,0.1,32
8355,7.5,33
8356,2.9,34
8357,5.1,35
8358,0.2,36
8359,5.1000000000000005,37
8360,1.9,38
8361,3.6,39
8362,4.8999999999999995,40
8363,3.2,41
8364,0.3,42
8365,0.0,43
8366,,
8367,1.8,34
8368,-0.8,35
8369,,
8370,1.0,23
8371,0.2,24
8372,0.19999999999999998,25
8373,0.7999999999999999,27
8374,0.5,28
8375,0.7,29
8376,3.0,30
8377,1.4000000000000001,31
8378,-0.8,32
8379,,
8380,-0.3,21
8381,0.5,22
8382,2.4,23
8383,0.4,24
8384,0.7,25
8385,1.4,26
8386,1.1,27
8387,-0.8,28
8388,2.7,29
8389,0.0,30
8390,0.4,31
8391,-0.3,32
8392,-0.7,34
8393,1.4,35
8394,1.7,36
8395,0.9,37
8396,0.3,38
8397,0.3,40
8398,,
8399,2.8,28
8400,0.5,29
8401,0.49999999999999994,30
8402,1.7,31
8403,,
8404,1.8,22
8405,-0.4,23
8406,1.3,24
8407,1.3,25
8408,1.2,26
8409,,
8410,0.3,26
8411,1.3,27
8412,1.0,29
8413,0.8,30
8414,0.9,31
8415,1.5,32
8416,-0.6,33
8417,-0.7,34
8418,,
8419,,
8420,0.0,23
8421,-0.3,24
8422,0.0,25
8423,,
8424,-0.8,21
8425,5.3,22
8426,3.3,23
8427,8.0,24
8428,9.3,25
8429,4.5,26
8430,4.6,27
8431,5.9,28
8432,5.5,29
8433,-0.2,30
8434,1.3,31
8435,2.8,32
8436,3.4,33
8437,1.7,34
8438,0.19999999999999998,35
8439,-0.4,36
8440,,
8441,-0.4,26
8442,-0.4,27
8443,0.6000000000000001,28
8444,,
8445,0.2,21
8446,-0.2,23
8447,3.6,24
8448,2.1,25
8449,1.6,26
8450,4.8,27
8451,4.0,28
8452,1.6,29
8453,4.3,30
8454,7.7,31
8455,6.9,32
8456,9.1,33
8457,5.6000000000000005,34
8458,6.6,35
8459,3.2,36
8460,-0.10000000000000003,37
8461,4.5,38
8462,2.8,39
8463,-0.30000000000000004,40
8464,,
8465,,
8466,0.6,22
8467,-0.4,23
8468,0.7,24
8469,1.0999999999999999,25
8470,2.1999999999999997,26
8471,-1.1,27
8472,1.7,28
8473,-1.7,29
8474,-0.1,30
8475,0.3,31
8476,2.0999999999999996,32
8477,-0.9,33
8478,-0.7,34
8479,,
8480,-0.4,22
8481,1.2,23
8482,1.0,24
8483,3.9,25
8484,2.0,26
8485,3.3,27
8486,-1.0,28
8487,,
8488,0.7,25
8489,,
8490,0.6,25
8491,0.7,26
8492,-0.1,27
8493,0.7,28
8494,1.8,29
8495,0.9,30
8496,0.1,31
8497,1.0,32
8498,-0.3,33
8499,0.0,34
8500,0.5,35
8501,-0.6,36
8502,-0.7,37
8503,,
8504,0.6,28
8505,0.2,29
8506,0.4,30
8507,-0.8,31
8508,-0.8,32
8509,,
8510,0.1,27
8511,,
8512,-0.3,24
8513,-1.0,25
8514,-1.2,26
8515,-1.2,27
8516,-0.6,29
8517,0.3,30
8518,1.7999999999999998,31
8519,0.5,32
8520,-0.9,33
8521,-0.7,34
8522,-0.3,35
8523,-0.4,36
8524,,
8525,-0.1,23
8526,-0.6,24
8527,0.5,25
8528,-0.6,26
8529,0.5,27
8530,-0.2,28
8531,1.3,29
8532,2.0,30
8533,-0.8999999999999999,31
8534,-0.3,33
8535,,
8536,-0.4,24
8537,0.4,25
8538,1.3,26
8539,0.5,27
8540,,
8541,0.1,22
8542,0.6000000000000001,23
8543,6.1000000000000005,24
8544,1.5,25
8545,0.19999999999999996,26
8546,4.1,27
8547,1.9,28
8548,0.7,29
8549,4.0,30
8550,2.6,31
8551,0.1,32
8552,0.9,33
8553,4.7,34
8554,0.19999999999999998,35
8555,1.1,36
8556,0.8,37
8557,,
8558,-0.6,24
8559,0.0,25
8560,,
8561,1.0,25
8562,0.1,26
8563,0.5,27
8564,-0.6,28
8565,-0.5,29
8566,,
8567,2.0,23
8568,-1.4,24
8569,2.1,25
8570,1.8,26
8571,0.0,27
8572,,
8573,0.3,23
8574,2.7,24
8575,0.9,25
8576,1.0,26
8577,-0.5,27
8578,0.39999999999999997,29
8579,-0.4,30
8580,,
8581,0.7,25
8582,2.5,26
8583,6.8,27
8584,2.3,28
8585,3.2,29
8586,2.1,30
8587,1.2,31
8588,3.2,32
8589,1.8,33
8590,2.1,34
8591,0.6,35
8592,1.3,36
8593,1.4000000000000001,37
8594,,
8595,,
8596,0.6,23
8597,0.8,24
8598,0.4,25
8599,,
8600,-1.3,24
8601,-0.2,25
8602,,
8603,1.1,28
8604,1.0,29
8605,1.0,30
8606,1.3,31
8607,-0.5,32
8608,0.0,33
8609,2.4,34
8610,,
8611,0.8,22
8612,-0.2,23
8613,0.7,24
8614,2.9,25
8615,5.0,26
8616,2.0,27
8617,-0.6,28
8618,-0.4,29
8619,-1.1,30
8620,-0.6,31
8621,-0.30000000000000004,32
8622,-0.3,35
8623,,
8624,0.2,27
8625,-0.5,28
8626,-0.1,29
8627,0.30000000000000004,30
8628,2.1,31
8629,3.0,32
8630,,
8631,2.1,22
8632,-0.7,23
8633,1.0999999999999999,24
8634,1.6,25
8635,2.7,26
8636,1.0,27
8637,0.5,28
8638,2.1,29
8639,1.5,30
8640,2.9,31
8641,0.5,32
8642,1.8,33
8643,-0.9,34
8644,,
8645,-0.9,23
8646,-0.4,24
8647,0.4,25
8648,2.3,26
8649,0.8,27
8650,-0.8,28
8651,-0.3,29
8652,,
8653,0.6,23
8654,-0.2,24
8655,,
8656,1.4,34
8657,1.3,35
8658,2.1,36
8659,1.4,37
8660,3.5,38
8661,1.7,39
8662,1.2,40
8663,0.7,41
8664,0.2,42
8665,,
8666,-0.19999999999999996,20
8667,0.8,21
8668,,
8669,2.5,24
8670,4.8999999999999995,25
8671,0.19999999999999998,27
8672,-0.5,28
8673,2.4,29
8674,2.1999999999999997,30
8675,1.8,31
8676,-0.5,34
8677,-0.1,35
8678,,
8679,0.3,23
8680,1.4000000000000001,24
8681,0.3,25
8682,4.5,26
8683,3.1,27
8684,0.2,29
8685,-0.9,30
8686,-0.3,32
8687,,
8688,0.4,23
8689,-0.4,24
8690,-0.5,25
8691,0.2,26
8692,-0.2,29
8693,,
8694,0.4,25
8695,1.5,26
8696,0.8,27
8697,0.0,28
8698,-0.49999999999999994,29
8699,,
8700,-0.1,26
8701,,
8702,0.5,24
8703,1.5,25
8704,-0.2,26
8705,,
8706,1.1,22
8707,0.1,23
8708,0.1,24
8709,-0.1,25
8710,-0.3,26
8711,,
8712,-0.19999999999999998,21
8713,-1.5,22
8714,-1.5000000000000002,23
8715,2.1,24
8716,1.1,25
8717,1.2,26
8718,-1.1,27
8719,0.1,31
8720,,
8721,-0.4,26
8722,,
8723,0.1,22
8724,-0.4,23
8725,0.1,24
8726,0.0,25
8727,0.1,26
8728,0.0,27
8729,0.0,28
8730,,
8731,0.3,23
8732,-1.1,24
8733,2.1,25
8734,-2.5,26
8735,1.3,27
8736,-0.1,28
8737,2.2,29
8738,0.7,30
8739,0.0,31
8740,0.4,32
8741,0.2,33
8742,1.3,34
8743,1.5,35
8744,0.0,36
8745,-0.10000000000000003,37
8746,0.0,38
8747,,
8748,3.5,24
8749,7.999999999999999,25
8750,-0.9,26
8751,,
8752,-0.8,25
8753,2.3000000000000003,26
8754,3.2,27
8755,0.8,28
8756,0.4,29
8757,3.4,30
8758,0.2,31
8759,,
8760,3.0,24
8761,1.2000000000000002,25
8762,5.2,26
8763,3.2,27
8764,2.7,28
8765,4.1,29
8766,,
8767,0.2,26
8768,,
8769,2.4000000000000004,22
8770,-1.7000000000000002,23
8771,0.3,24
8772,0.30000000000000004,25
8773,1.9000000000000001,26
8774,1.5999999999999999,27
8775,0.5,28
8776,0.30000000000000004,29
8777,-0.3,30
8778,-0.5,32
8779,,
8780,0.4,24
8781,-0.6,25
8782,0.4,26
8783,,
8784,-0.1,22
8785,2.3,23
8786,2.4,24
8787,0.19999999999999998,25
8788,2.4,26
8789,0.4,27
8790,1.9999999999999998,28
8791,2.2,29
8792,-0.09999999999999998,30
8793,-2.4,31
8794,2.1999999999999997,32
8795,3.6,33
8796,2.9,34
8797,2.1999999999999997,35
8798,-0.9000000000000001,36
8799,-0.5,37
8800,,
8801,0.0,24
8802,0.7,25
8803,1.8,26
8804,0.5,27
8805,-0.2,28
8806,-0.2,29
8807,,
8808,0.0,26
8809,-0.5,27
8810,,
8811,0.3,22
8812,0.3,23
8813,1.1,24
8814,-0.2,25
8815,1.2,27
8816,,
8817,1.0,25
8818,-0.3,27
8819,-0.4,28
8820,0.4,29
8821,-0.3,30
8822,,
8823,0.0,22
8824,-0.6,23
8825,,
8826,-0.7,27
8827,,
8828,-0.2,32
8829,0.0,33
8830,-0.2,34
8831,,
8832,-0.8,22
8833,-0.4,23
8834,-0.2,24
8835,2.1,25
8836,-0.3,26
8837,3.0,27
8838,-0.7,28
8839,2.3,29
8840,3.1,30
8841,2.4,31
8842,0.5,32
8843,0.6,33
8844,1.2,34
8845,0.9,35
8846,2.0,36
8847,-0.8,37
8848,0.9,38
8849,0.1,39
8850,0.6,40
8851,0.9,41
8852,0.6,42
8853,,
8854,0.1,27
8855,,
8856,-1.0999999999999999,23
8857,-0.7000000000000001,24
8858,0.1,25
8859,-1.2,26
8860,0.4,27
8861,1.1,28
8862,0.2,29
8863,-0.5,30
8864,,
8865,0.6,24
8866,1.7,25
8867,1.9000000000000001,26
8868,3.5,27
8869,3.4,28
8870,3.0,30
8871,0.3,31
8872,7.5,32
8873,,
8874,-0.1,21
8875,3.5,22
8876,-0.1,23
8877,2.0,24
8878,-0.5,25
8879,0.5,26
8880,-0.1,28
8881,,
8882,0.2,25
8883,0.30000000000000004,26
8884,1.1,27
8885,-0.30000000000000004,28
8886,-0.1,29
8887,0.4,30
8888,0.0,31
8889,0.7,32
8890,-0.19999999999999998,33
8891,-0.2,35
8892,,
8893,0.0,23
8894,0.2,29
8895,-0.4,30
8896,,
8897,0.2,24
8898,0.3,25
8899,-0.6,26
8900,0.3,27
8901,-0.5,28
8902,-0.9,29
8903,,
8904,0.3,27
8905,0.1,28
8906,-0.4,29
8907,,
8908,-0.1,26
8909,0.0,27
8910,-0.2,28
8911,0.2,29
8912,,
8913,-0.2,23
8914,,
8915,-0.2,22
8916,-0.9,23
8917,-0.8,24
8918,-0.2,25
8919,1.1,26
8920,0.7,27
8921,0.2,28
8922,0.2,29
8923,3.5,30
8924,,
8925,0.2,21
8926,1.8,22
8927,0.8,23
8928,2.7,24
8929,3.8,25
8930,0.09999999999999998,26
8931,0.8,27
8932,6.3,28
8933,5.7,29
8934,3.7,30
8935,2.1999999999999997,31
8936,1.5999999999999999,32
8937,-1.0999999999999999,33
8938,-0.1,34
8939,3.1,35
8940,-0.09999999999999998,36
8941,-1.2999999999999998,37
8942,,
8943,,
8944,-0.30000000000000004,22
8945,,
8946,-0.5,21
8947,-0.3,22
8948,0.3,23
8949,0.6,24
8950,0.4,25
8951,-1.2,26
8952,0.0,30
8953,-0.3,32
8954,0.1,33
8955,,
8956,0.30000000000000004,25
8957,0.5,26
8958,0.5,27
8959,0.0,28
8960,-0.8,29
8961,-0.3,31
8962,,
8963,0.6,25
8964,-0.4,26
8965,0.1,27
8966,,
8967,0.0,22
8968,,
8969,0.8,22
8970,0.0,23
8971,-0.2,24
8972,,
8973,0.9,27
8974,0.7,28
8975,1.0,29
8976,0.6,30
8977,-0.1,32
8978,,
8979,1.5,26
8980,-0.8,27
8981,,
8982,1.5,25
8983,0.5,26
8984,1.3,27
8985,-0.3,28
8986,0.1,29
8987,-0.4,30
8988,0.9,32
8989,,
8990,-0.4,21
8991,1.5,22
8992,-1.1,23
8993,5.7,24
8994,,
8995,-0.2,25
8996,-0.2,26
8997,3.0,27
8998,-1.4,28
8999,-0.6,29
9000,0.5,31
9001,-0.1,32
9002,,
9003,0.2,25
9004,-0.1,26
9005,0.0,27
9006,0.1,28
9007,,
9008,0.0,23
9009,-0.4,24
9010,0.4,25
9011,,
9012,-0.8999999999999999,25
9013,,
9014,0.7,22
9015,2.2,23
9016,-0.1,24
9017,0.39999999999999997,25
9018,0.3,26
9019,0.7,27
9020,0.5,28
9021,0.2,29
9022,,
9023,1.8,25
9024,2.2,26
9025,1.9000000000000001,27
9026,0.8,29
9027,-1.3,30
9028,-0.6,31
9029,1.3,33
9030,1.7,34
9031,0.30000000000000004,35
9032,,
9033,,
9034,0.6,24
9035,0.1,25
9036,-0.1,26
9037,0.5,27
9038,,
9039,-0.1,23
9040,,
9041,,
9042,0.6,23
9043,-2.7,24
9044,-0.1,25
9045,-0.7,26
9046,0.7,27
9047,1.9,28
9048,-0.8,29
9049,,
9050,,
9051,-0.4,25
9052,0.0,26
9053,0.1,28
9054,,
9055,2.0,21
9056,-0.4,22
9057,5.4,23
9058,3.9999999999999996,24
9059,0.6,25
9060,,
9061,0.0,24
9062,-0.3,25
9063,0.2,26
9064,1.8,27
9065,-0.7,28
9066,0.6,29
9067,0.9,30
9068,1.4,31
9069,0.7,32
9070,0.1,33
9071,0.3,34
9072,,
9073,0.0,27
9074,0.2,28
9075,,
9076,0.0,26
9077,-0.7999999999999999,27
9078,0.6,28
9079,,
9080,-0.4,23
9081,0.4,24
9082,,
9083,0.9,25
9084,0.4,26
9085,0.2,27
9086,1.8,28
9087,0.7,29
9088,1.7,30
9089,0.5,31
9090,0.5,32
9091,0.0,33
9092,-0.3,34
9093,-0.1,35
9094,,
9095,0.3,23
9096,0.30000000000000004,24
9097,-0.6,25
9098,1.0,26
9099,1.0,27
9100,-1.1,28
9101,2.1,29
9102,0.3,31
9103,0.4,32
9104,,
9105,-0.1,25
9106,1.4,27
9107,-0.30000000000000004,28
9108,0.6,29
9109,-0.3,30
9110,,
9111,0.0,23
9112,-0.7,24
9113,0.3,25
9114,-0.2,26
9115,0.7,27
9116,,
9117,0.19999999999999998,22
9118,1.0,23
9119,-0.7,24
9120,,
9121,-0.39999999999999997,22
9122,0.8,23
9123,-1.0,24
9124,1.6,25
9125,,
9126,-0.1,21
9127,-0.4,23
9128,-1.1,24
9129,3.2,25
9130,-1.3,26
9131,-0.5,27
9132,,
9133,-0.5,22
9134,0.5,23
9135,-0.2,24
9136,,
9137,0.3,19
9138,2.5,20
9139,2.0,21
9140,2.4,22
9141,4.0,23
9142,4.9,24
9143,6.0,25
9144,5.7,26
9145,3.6,27
9146,2.5,28
9147,2.8,29
9148,,
9149,0.7,26
9150,0.19999999999999998,27
9151,0.2,28
9152,0.7,29
9153,0.3,30
9154,-1.2,31
9155,,
9156,0.4,25
9157,-0.7000000000000001,26
9158,-0.9,27
9159,0.39999999999999997,28
9160,-0.10000000000000003,29
9161,0.0,30
9162,0.0,31
9163,-0.2,33
9164,,
9165,-0.30000000000000004,24
9166,-0.4,28
9167,,
9168,0.2,23
9169,0.1,24
9170,1.6,25
9171,1.7,26
9172,0.3,27
9173,0.0,28
9174,,
9175,0.4,24
9176,0.8,25
9177,-2.1999999999999997,26
9178,-0.39999999999999997,27
9179,-0.9,29
9180,0.6,30
9181,-0.5,31
9182,0.2,32
9183,,
9184,0.8,23
9185,2.9,24
9186,0.9,25
9187,-0.2,26
9188,0.1,27
9189,-0.2,29
9190,0.19999999999999998,30
9191,,
9192,1.2,23
9193,0.2,24
9194,0.7,25
9195,0.0,26
9196,0.39999999999999997,27
9197,0.7,28
9198,-1.1,29
9199,1.2000000000000002,30
9200,0.2,31
9201,-0.49999999999999994,32
9202,,
9203,-0.7,23
9204,-0.6,24
9205,1.5,25
9206,-0.8,26
9207,-0.30000000000000004,28
9208,-0.3,29
9209,,
9210,1.1,25
9211,1.6,26
9212,0.3,27
9213,0.2,28
9214,0.4,29
9215,-0.3,30
9216,,
9217,-0.4,24
9218,-0.1,25
9219,-0.6,26
9220,0.6000000000000001,27
9221,1.4,28
9222,1.5999999999999999,29
9223,0.4,30
9224,3.9,31
9225,3.5,32
9226,1.7999999999999998,33
9227,0.8,34
9228,-0.4,35
9229,,
9230,,
9231,0.3,20
9232,-0.1,22
9233,,
9234,-0.2,26
9235,0.2,27
9236,-0.2,31
9237,,
9238,0.1,27
9239,,
9240,1.8,23
9241,1.3,24
9242,1.5,25
9243,5.4,26
9244,0.3,27
9245,4.3999999999999995,28
9246,,
9247,0.1,29
9248,1.2,30
9249,,
9250,0.2,25
9251,5.0,26
9252,3.7,27
9253,2.8,28
9254,3.5,29
9255,2.6,30
9256,3.4,31
9257,1.6,32
9258,3.6,33
9259,4.2,34
9260,4.0,35
9261,3.9,36
9262,2.0,37
9263,4.3,38
9264,3.6,39
9265,2.4,40
9266,2.9,41
9267,0.4,42
9268,2.4,43
9269,,
9270,0.6,21
9271,6.0,22
9272,5.0,23
9273,2.5,24
9274,4.1000000000000005,25
9275,4.7,26
9276,2.1999999999999997,27
9277,6.0,28
9278,4.4,29
9279,5.3999999999999995,30
9280,3.6999999999999997,31
9281,3.8,32
9282,3.5,33
9283,2.1999999999999997,34
9284,3.4,35
9285,1.2,36
9286,,
9287,-0.1,23
9288,-0.30000000000000004,24
9289,1.6,25
9290,2.5,26
9291,0.6,27
9292,1.1,28
9293,1.4,29
9294,1.4,30
9295,-1.5,31
9296,-0.7,32
9297,,
9298,-0.2,27
9299,2.0,28
9300,1.1,29
9301,-0.1,30
9302,-0.4,31
9303,0.3,32
9304,-0.1,33
9305,-0.1,34
9306,0.7999999999999999,35
9307,1.6,36
9308,-0.7999999999999999,37
9309,1.4000000000000001,38
9310,-0.7,39
9311,,
9312,0.4,23
9313,2.8,24
9314,0.4,25
9315,1.3,26
9316,0.2,27
9317,-1.2,28
9318,0.6,29
9319,2.1,30
9320,-0.7,31
9321,0.4,32
9322,-0.1,33
9323,0.20000000000000004,34
9324,0.1,35
9325,1.6,36
9326,1.3,37
9327,,
9328,1.3,28
9329,0.2,29
9330,0.8,30
9331,-0.7,31
9332,2.4,32
9333,-0.1,33
9334,-0.39999999999999997,34
9335,0.9,35
9336,-0.3,36
9337,0.0,37
9338,,
9339,-0.7,23
9340,0.0,25
9341,-1.0,26
9342,0.0,27
9343,0.1,28
9344,-0.7,30
9345,,
9346,,
9347,0.8,23
9348,-0.1,24
9349,-0.9,25
9350,0.0,26
9351,-0.2,27
9352,-0.1,28
9353,0.7,29
9354,-0.6,30
9355,-0.3,31
9356,1.7000000000000002,32
9357,-1.0,33
9358,,
9359,0.2,24
9360,0.0,25
9361,1.0,26
9362,-0.6,27
9363,2.1,28
9364,2.4,29
9365,1.8,30
9366,2.8,31
9367,0.2,32
9368,0.0,33
9369,0.8999999999999999,34
9370,,
9371,0.4,22
9372,5.6,23
9373,4.6000000000000005,24
9374,5.7,25
9375,3.1,26
9376,2.4,27
9377,-1.1,28
9378,-0.6,29
9379,-0.1,30
9380,,
9381,-0.7,25
9382,-0.7,27
9383,0.8,29
9384,1.3,30
9385,-1.1,31
9386,0.09999999999999998,32
9387,1.4,33
9388,0.8,34
9389,-1.0,35
9390,,
9391,3.1,21
9392,7.9,22
9393,2.5,23
9394,4.0,24
9395,-1.0,25
9396,,
9397,-0.3,25
9398,3.3,26
9399,0.4,27
9400,2.8000000000000003,28
9401,3.0,29
9402,1.5999999999999999,30
9403,0.3,31
9404,0.2,32
9405,-0.7999999999999999,33
9406,-1.1,34
9407,,
9408,0.4,24
9409,0.7,26
9410,,
9411,-0.4,23
9412,0.0,24
9413,1.2000000000000002,25
9414,-0.5,26
9415,-0.5,27
9416,0.6,28
9417,-0.5,29
9418,,
9419,0.5,21
9420,0.6,22
9421,-0.4,23
9422,-0.7,24
9423,2.4,25
9424,1.7,26
9425,0.7,27
9426,-1.3,28
9427,-0.1,29
9428,0.2,30
9429,0.2,31
9430,0.2,32
9431,,
9432,,
9433,3.1,25
9434,3.1,26
9435,5.2,27
9436,1.2,28
9437,2.4,29
9438,1.9,30
9439,,
9440,2.0,33
9441,1.9000000000000001,34
9442,1.2000000000000002,35
9443,0.5,36
9444,1.0999999999999999,37
9445,,
9446,-0.30000000000000004,21
9447,3.1,22
9448,1.7,23
9449,3.8,24
9450,3.1999999999999997,25
9451,0.8,26
9452,2.7755575615628914e-17,27
9453,0.19999999999999998,28
9454,-0.1,29
9455,,
9456,-0.30000000000000004,23
9457,-0.7,24
9458,0.8,25
9459,-0.2,26
9460,0.3,27
9461,0.0,28
9462,1.1,29
9463,0.6,30
9464,0.5,31
9465,1.4,32
9466,-1.9,33
9467,2.5,34
9468,-1.6,35
9469,-0.2,36
9470,,
9471,1.1,21
9472,-0.2,22
9473,0.2,23
9474,0.0,24
9475,-0.5,25
9476,-0.3,26
9477,-0.8,28
9478,,
9479,0.5,25
9480,1.1,26
9481,0.1,27
9482,-1.0,28
9483,-0.1,29
9484,,
9485,0.0,24
9486,-0.3,25
9487,0.3,26
9488,0.7,27
9489,1.1,28
9490,1.3,29
9491,,
9492,0.0,23
9493,0.1,25
9494,0.5,26
9495,0.8999999999999999,27
9496,-0.8,28
9497,-0.4,29
9498,2.0,30
9499,1.0,31
9500,2.1999999999999997,32
9501,0.6,33
9502,0.2,34
9503,0.8,35
9504,1.0999999999999999,36
9505,0.1,37
9506,-0.9,38
9507,,
9508,0.2,24
9509,0.2,25
9510,,
9511,0.6,25
9512,0.2,26
9513,-0.6,27
9514,0.3,28
9515,,
9516,1.7,20
9517,2.4,21
9518,4.3,22
9519,4.5,23
9520,6.3,24
9521,3.8,25
9522,3.4,26
9523,4.5,27
9524,0.5,28
9525,0.0,29
9526,-1.0,30
9527,-0.7999999999999999,31
9528,-0.4,32
9529,,
9530,0.0,21
9531,1.2,22
9532,2.7,23
9533,1.2,24
9534,-1.1,25
9535,1.3,26
9536,0.7,27
9537,0.3,28
9538,,
9539,-0.6,24
9540,0.0,27
9541,,
9542,0.9,24
9543,-0.4,25
9544,0.0,27
9545,,
9546,-0.1,23
9547,-0.1,24
9548,-0.4,25
9549,-0.30000000000000004,26
9550,4.0,27
9551,2.8,28
9552,3.5,29
9553,3.1,30
9554,-0.3,31
9555,,
9556,0.6,27
9557,0.2,28
9558,-0.3,29
9559,0.3,31
9560,-0.4,32
9561,,
9562,-0.3,22
9563,0.3,23
9564,0.2,24
9565,,
9566,0.3,25
9567,-0.1,26
9568,,
9569,0.0,27
9570,,
9571,0.0,22
9572,0.9,23
9573,3.4,24
9574,3.6,25
9575,1.5,26
9576,2.3000000000000003,27
9577,1.2,28
9578,1.6,29
9579,1.0,30
9580,-2.0,31
9581,-0.7,32
9582,-0.2,33
9583,,
9584,-0.4,22
9585,0.2,23
9586,-0.1,24
9587,-0.2,25
9588,0.8,26
9589,-0.4,27
9590,0.1,30
9591,,
9592,1.0,24
9593,4.0,25
9594,3.6,26
9595,2.1,27
9596,4.2,28
9597,4.7,29
9598,2.0,30
9599,5.0,31
9600,3.8,32
9601,4.2,33
9602,2.7,34
9603,3.7,35
9604,3.1,36
9605,2.4,37
9606,0.7,38
9607,-0.9,39
9608,,
9609,,
9610,-1.1,22
9611,0.5,25
9612,0.3,26
9613,,
9614,-0.3,22
9615,-0.2,23
9616,0.0,24
9617,3.8,25
9618,5.6,26
9619,-0.4,27
9620,0.2,28
9621,0.0,29
9622,,
9623,1.9000000000000001,23
9624,5.0,24
9625,4.7,26
9626,-0.1,27
9627,-1.2,28
9628,0.7,29
9629,-0.7,30
9630,,
9631,0.1,29
9632,1.9,30
9633,2.0,31
9634,0.2,32
9635,1.5,33
9636,-0.8,34
9637,-0.4,35
9638,0.0,36
9639,1.0999999999999999,37
9640,0.0,38
9641,0.5,39
9642,,
9643,1.4,28
9644,-0.8,29
9645,1.6,30
9646,-0.2,31
9647,0.6,32
9648,-0.1,33
9649,,
9650,0.6,23
9651,0.3,25
9652,-0.09999999999999998,26
9653,-0.5,27
9654,0.0,28
9655,,
9656,1.0,25
9657,0.0,26
9658,0.4,27
9659,-0.7,28
9660,,
9661,1.3,27
9662,1.2,28
9663,-0.8,29
9664,0.3,30
9665,1.0,31
9666,1.0,32
9667,1.4,33
9668,-0.6,34
9669,,
9670,-1.1,23
9671,0.0,26
9672,0.6,28
9673,0.10000000000000003,29
9674,,
9677,-0.1,21
9678,-0.2,22
9679,1.2,24
9680,1.7000000000000002,25
9681,0.4,26
9682,0.3,27
9683,0.1,28
9684,2.1,29
9685,-1.0,30
9686,-0.3,31
9687,,
9688,-0.4,24
9689,0.0,25
9690,,
9691,-0.3,26
9692,-0.2,27
9693,,
9694,-1.0,22
9695,-0.1,23
9696,-0.5,25
9697,,
9698,4.2,22
9699,3.5,23
9700,1.0,25
9701,3.9999999999999996,26
9702,3.0,27
9703,3.5,28
9704,0.2,29
9705,0.6000000000000001,30
9706,0.7,31
9707,0.8,32
9708,-1.0999999999999999,33
9709,,
9710,-0.30000000000000004,29
9711,1.2,30
9712,-0.1,31
9713,-0.1,32
9714,-0.1,33
9715,,
9716,-0.2,22
9717,-0.7,23
9718,0.3,24
9719,-1.5,25
9720,-0.4,26
9721,-0.3,27
9722,0.2,29
9723,0.5,30
9724,,
9725,0.0,29
9726,,
9727,1.3,23
9728,0.5,24
9729,3.3,25
9730,0.4,26
9731,0.8,27
9732,0.2,28
9733,-0.30000000000000004,29
9734,0.2,30
9735,-0.4,31
9736,1.3,32
9737,0.7,33
9738,-0.1,34
9739,-1.2000000000000002,35
9740,,
9741,-0.1,19
9742,0.6,23
9743,0.1,24
9744,-0.6,25
9745,,
9746,0.3,26
9747,2.4,27
9748,0.6,28
9749,2.1,29
9750,0.7,30
9751,0.2,31
9752,1.2,32
9753,,
9754,-1.0,27
9755,,
9756,-0.7,24
9757,-0.5,25
9758,,
9759,1.1,24
9760,0.0,25
9761,1.5,26
9762,1.4,27
9763,,
9764,0.4,27
9765,0.0,28
9766,1.7,29
9767,0.7,30
9768,2.4,31
9769,2.8,32
9770,2.2,33
9771,-0.2,34
9772,1.1,35
9773,0.4,36
9774,1.1,37
9775,1.1,38
9776,-0.2,39
9777,,
9778,-0.1,26
9779,,
9780,,
9781,0.3,26
9782,0.0,27
9783,-0.09999999999999998,28
9784,0.0,29
9785,,
9786,0.4,23
9787,1.5,24
9788,1.9,25
9789,0.5,26
9790,3.1,27
9791,1.7,28
9792,3.5,29
9793,-0.1,30
9794,1.7,31
9795,-0.2,32
9796,0.1,33
9797,,
9798,0.2,24
9799,0.7,25
9800,0.1,26
9801,0.30000000000000004,28
9802,1.2000000000000002,29
9803,0.1,30
9804,0.2,31
9805,-0.1,32
9806,,
9807,0.7,22
9808,0.4,23
9809,-0.8,24
9810,-2.7755575615628914e-17,25
9811,-0.4,26
9812,,
9813,-0.4,27
9814,,
9815,-1.3,24
9816,1.3,25
9817,1.3,26
9818,2.2,27
9819,3.7,28
9820,,
9821,0.2,23
9822,0.7,24
9823,3.0,25
9824,,
9825,1.0,23
9826,1.6,24
9827,3.4,25
9828,1.2999999999999998,26
9829,4.300000000000001,27
9830,6.6,28
9831,5.7,29
9832,7.4,30
9833,6.3,31
9834,7.5,32
9835,9.200000000000001,33
9836,5.7,34
9837,,
9838,-0.5,24
9839,-0.1,25
9840,,
9841,-0.3,22
9842,0.4,26
9843,-0.5,27
9844,-0.1,28
9845,0.0,29
9846,,
9847,0.4,30
9848,,
9849,3.0,24
9850,0.1,25
9851,0.0,26
9852,-0.09999999999999998,27
9853,0.3,28
9854,0.1,29
9855,,
9856,-0.30000000000000004,24
9857,1.2000000000000002,26
9858,-1.0,27
9859,-0.4,28
9860,0.0,30
9861,,
9862,-0.9,26
9863,0.7000000000000001,27
9864,-0.6,28
9865,-0.4,29
9866,,
9867,0.2,21
9868,-0.4,22
9869,0.1,23
9870,0.2,24
9871,0.7,25
9872,0.1,26
9873,,
9874,-0.4,24
9875,-0.3,25
9876,0.2,26
9877,0.0,27
9878,0.0,28
9879,,
9880,-0.1,22
9881,-0.1,23
9882,-0.5,24
9883,-0.9,25
9884,0.7,26
9885,,
9886,,
9887,0.0,24
9888,,
9889,0.7,23
9890,-0.5,24
9891,0.6,25
9892,-0.8,26
9893,0.3,27
9894,-0.5,29
9895,,
9896,0.7,24
9897,-0.5,25
9898,0.7,27
9899,0.2,28
9900,0.2,29
9901,,
9902,-0.3,23
9903,1.4000000000000001,24
9904,0.2,25
9905,2.0999999999999996,26
9906,2.4,27
9907,,
9908,-0.6,25
9909,0.0,26
9910,-0.3,27
9911,,
9912,2.3000000000000003,22
9913,2.7,25
9914,1.8,26
9915,1.1,27
9916,0.6,28
9917,2.3,30
9918,,
9919,0.1,23
9920,-0.2,24
9921,0.3,25
9922,-0.3,26
9923,-0.2,27
9924,,
9925,1.7999999999999998,21
9926,1.0999999999999999,22
9927,3.2,23
9928,-0.5,24
9929,1.2,25
9930,0.9,26
9931,0.1,27
9932,,
9933,0.2,25
9934,0.7,26
9935,1.2,27
9936,1.1,28
9937,0.5,29
9938,2.3,30
9939,-0.1,31
9940,-0.6,32
9941,,
9942,0.6,23
9943,,
9944,-0.1,22
9945,-0.1,24
9946,-0.2,25
9947,,
9948,-0.1,21
9949,-0.1,25
9950,-0.30000000000000004,26
9951,0.6000000000000001,27
9952,0.5,28
9953,-1.8000000000000003,29
9954,2.6,30
9955,2.2,31
9956,3.6999999999999997,32
9957,2.0,33
9958,0.0,34
9959,1.9999999999999998,35
9960,2.6999999999999997,36
9961,-2.0,37
9962,-0.1,38
9963,0.8,39
9964,0.09999999999999998,40
9965,-0.2,41
9966,,
9967,-0.30000000000000004,20
9968,-0.2,21
9969,0.9,22
9970,1.5,23
9971,0.7,24
9972,,
9973,,
9974,,
9975,,
9976,-0.2,25
9977,0.7,28
9978,0.5,29
9979,-0.6,30
9980,-0.3,31
9981,,
9982,,
9983,-0.30000000000000004,19
9984,-0.5,20
9985,-0.1,21
9986,,
9987,-0.1,28
9988,-0.3,29
9989,,
9990,-0.1,26
9991,-0.19999999999999998,27
9992,-0.6,30
9993,,
9994,0.1,25
9995,3.0,26
9996,5.0,27
9997,4.1,28
9998,,
9999,1.3,26
10000,2.0,27
10001,-1.2000000000000002,28
10002,0.7,29
10003,1.5,30
10004,1.4,31
10005,0.1,32
10006,0.29999999999999993,33
10007,0.4,34
10008,0.1,35
10009,,
10010,0.0,24
10011,0.6,25
10012,0.7,26
10013,-0.7,27
10014,1.6,28
10015,0.4,29
10016,-0.19999999999999998,30
10017,0.6,31
10018,0.7,32
10019,-0.6,33
10020,-0.2,34
10021,,
10022,-0.1,23
10023,,
10024,-0.1,24
10025,0.6,25
10026,-0.2,26
10027,2.2,27
10028,0.4,28
10029,1.5,29
10030,0.7,30
10031,1.4,31
10032,1.0,32
10033,0.5,33
10034,-0.3,34
10035,1.1,35
10036,-0.49999999999999994,36
10037,-0.10000000000000003,37
10038,0.3,38
10039,-0.9,39
10040,,
10041,0.1,26
10042,1.4,27
10043,-1.1,28
10044,2.2,29
10045,1.8,30
10046,0.1,31
10047,-0.5,32
10048,3.9000000000000004,33
10049,3.0,34
10050,,
10051,-0.1,22
10052,-1.4,23
10053,1.4,24
10054,0.9999999999999999,25
10055,3.5,26
10056,0.5,27
10057,,
10058,-0.2,26
10059,0.2,29
10060,1.6,30
10061,0.30000000000000004,31
10062,0.5,32
10063,,
10064,0.5,26
10065,-0.1,27
10066,0.5,28
10067,-0.2,29
10068,,
10069,0.1,24
10070,4.8,25
10071,1.5999999999999999,26
10072,4.2,27
10073,5.300000000000001,28
10074,4.5,29
10075,4.6000000000000005,30
10076,2.9,31
10077,1.6999999999999997,32
10078,2.0999999999999996,33
10079,-0.6,34
10080,-0.4,35
10081,-0.1,36
10082,-0.3,37
10083,,
10084,,
10085,0.30000000000000004,23
10086,0.0,24
10087,-0.1,25
10088,-0.2,26
10089,0.0,28
10090,,
10091,-1.2,20
10092,0.1,21
10093,1.9000000000000001,22
10094,1.6,23
10095,1.9,24
10096,4.3,25
10097,7.9,26
10098,5.3,27
10099,1.3,28
10100,-0.9999999999999999,29
10101,2.5,30
10102,1.5999999999999999,31
10103,1.5,32
10104,0.4,35
10105,0.0,36
10106,0.3,37
10107,,
10108,0.9,23
10109,0.6,24
10110,0.6,25
10111,-0.6,26
10112,0.0,27
10113,-0.1,28
10114,-0.4,29
10115,-0.2,33
10116,,
10117,0.7,27
10118,2.6,28
10119,0.6,29
10120,0.6,30
10121,0.7,32
10122,-0.3,33
10123,-0.1,34
10124,,
10125,-0.1,23
10126,,
10127,-0.1,24
10128,1.3,25
10129,1.4,26
10130,1.1,27
10131,-0.4,28
10132,0.1,29
10133,0.0,30
10134,,
10135,0.9000000000000001,22
10136,1.7000000000000002,23
10137,1.0,24
10138,2.9,25
10139,2.0,26
10140,2.8,27
10141,0.6,28
10142,2.1,29
10143,1.8,30
10144,1.3,31
10145,,
10146,0.1,24
10147,-0.6,25
10148,0.8,26
10149,1.0,27
10150,-0.2,28
10151,-0.4,29
10152,0.4,33
10153,-0.8,34
10154,-0.6,35
10155,,
10156,0.1,24
10157,0.1,25
10158,0.6,26
10159,-0.1,27
10160,1.4,28
10161,1.5999999999999999,29
10162,-1.4,30
10163,0.6,31
10164,0.10000000000000003,32
10165,-0.5,33
10166,1.4,34
10167,-0.2,35
10168,,
10169,-1.2,24
10170,0.30000000000000004,25
10171,1.1,26
10172,-0.7,27
10173,-0.3,28
10174,2.1,29
10175,1.2,30
10176,0.5,31
10177,0.0,32
10178,0.9,33
10179,1.1,34
10180,-0.4,35
10181,0.4,36
10182,0.8,37
10183,-0.1,38
10184,,
10185,1.3,26
10186,0.1,27
10187,0.7,28
10188,0.4,29
10189,0.3,30
10190,-0.3,31
10191,0.8,32
10192,0.0,33
10193,1.1,34
10194,0.5,35
10195,1.0,36
10196,-0.4,37
10197,,
10198,1.7,24
10199,0.30000000000000004,25
10200,3.1999999999999997,26
10201,0.30000000000000004,27
10202,0.7,28
10203,-2.1999999999999997,29
10204,,
10205,-0.8,24
10206,-0.2,25
10207,-0.2,26
10208,-0.3,27
10209,,
10210,0.5,25
10211,0.1,26
10212,-0.3,27
10213,,
10214,-0.6,22
10215,0.6,23
10216,0.3,24
10217,3.1,25
10218,0.4,26
10219,3.0,29
10220,3.5,30
10221,7.6,31
10222,,
10223,-0.3,24
10224,-0.1,25
10225,0.7,26
10226,2.0,27
10227,0.4,28
10228,0.2,29
10229,0.19999999999999998,30
10230,-0.9,31
10231,-0.2,32
10232,,
10233,0.6,25
10234,2.1,26
10235,2.3000000000000003,27
10236,0.9000000000000001,28
10237,0.3,29
10238,,
10239,-0.4,18
10240,0.0,19
10241,2.0,22
10242,0.1,23
10243,-0.3,25
10244,2.6,26
10245,2.8,27
10246,-0.3,28
10247,2.7,29
10248,1.2,30
10249,4.699999999999999,31
10250,5.1000000000000005,32
10251,1.0,33
10252,-1.4000000000000001,34
10253,1.5999999999999999,35
10254,-5.551115123125783e-17,36
10255,0.9,37
10256,3.6,38
10257,-0.5,39
10258,0.8999999999999999,40
10259,0.3,41
10260,-0.1,42
10261,,
10262,0.6,23
10263,-0.9,24
10264,-0.4,25
10265,-0.4,26
10266,0.0,27
10267,-0.09999999999999998,28
10268,,
10269,2.2,22
10270,8.2,23
10271,1.6,24
10272,5.4,25
10273,6.1,26
10274,3.7,27
10275,5.5,28
10276,5.0,29
10277,4.5,30
10278,5.6000000000000005,31
10279,7.1,32
10280,4.6,33
10281,6.6,34
10282,2.4,35
10283,3.4,36
10284,4.9,37
10285,1.0,38
10286,5.1,39
10287,,
10288,-0.19999999999999998,26
10289,0.4,27
10290,-0.1,28
10291,1.0,29
10292,0.2,30
10293,2.6,31
10294,1.3,32
10295,0.7,33
10296,0.1,34
10297,0.5,35
10298,1.0,36
10299,0.7,37
10300,0.0,38
10301,,
10302,-0.2,22
10303,-0.5,23
10304,3.0999999999999996,24
10305,-0.2,25
10306,2.3000000000000003,26
10307,0.30000000000000004,27
10308,0.8,28
10309,0.2,29
10310,-0.7,30
10311,1.6,31
10312,0.2,32
10313,-1.1,33
10314,,
10315,0.0,25
10316,0.30000000000000004,28
10317,-0.30000000000000004,29
10318,0.0,30
10319,1.6,31
10320,0.19999999999999996,32
10321,2.3,33
10322,1.4,34
10323,1.7,35
10324,2.1,36
10325,1.1,37
10326,0.6,38
10327,-0.7,39
10328,0.3,40
10329,,
10330,-0.6,24
10331,,
10332,0.8,24
10333,-0.8,25
10334,1.3,26
10335,0.4,27
10336,4.5,28
10337,4.0,29
10338,,
10339,-0.1,20
10340,5.5,21
10341,,
10342,-0.5,22
10343,-0.7,27
10344,0.4,28
10345,0.3,29
10346,1.7,30
10347,0.8,31
10348,-0.8,32
10349,,
10350,-0.19999999999999998,23
10351,-0.4,24
10352,1.1,25
10353,-0.8999999999999999,26
10354,0.30000000000000004,27
10355,0.2,28
10356,,
10357,1.8,25
10358,0.0,26
10359,0.1,27
10360,0.2,28
10361,2.1,29
10362,1.3,30
10363,1.4,31
10364,2.5,32
10365,0.6,33
10366,0.4,34
10367,0.3,35
10368,1.0,36
10369,1.6,37
10370,1.3,38
10371,2.9,39
10372,0.9,40
10373,1.0,41
10374,-0.2,42
10375,,
10376,0.6,25
10377,0.3,26
10378,-0.4,27
10379,0.1,28
10380,2.1,29
10381,0.6,30
10382,2.8,31
10383,1.9,32
10384,1.2,33
10385,0.4,34
10386,-0.4,35
10387,,
10388,1.7,25
10389,1.5,26
10390,0.5,27
10391,0.0,28
10392,0.1,29
10393,0.0,30
10394,0.2,32
10395,,
10396,2.0,26
10397,0.0,27
10398,-1.0,28
10399,1.6,29
10400,-0.8,30
10401,,
10402,-0.7,23
10403,0.3,24
10404,1.3,25
10405,-0.9,26
10406,-0.4,27
10407,,
10408,-0.30000000000000004,25
10409,-0.5,26
10410,-0.1,27
10411,0.0,28
10412,-0.5,29
10413,,
10414,-0.3,24
10415,-0.3,27
10416,0.0,28
10417,-0.4,29
10418,-0.5,30
10419,-0.7,35
10420,,
10421,0.1,23
10422,0.1,24
10423,-0.8,25
10424,4.8,29
10425,1.5,30
10426,,
10427,0.1,23
10428,-0.2,24
10429,-0.2,25
10430,,
10431,0.8999999999999999,23
10432,3.7,24
10433,1.7999999999999998,29
10434,1.3,30
10435,-0.7,31
10436,0.09999999999999998,32
10437,0.7999999999999999,33
10438,0.8,34
10439,-0.2,35
10440,,
10441,,
10442,0.1,26
10443,0.5,27
10444,0.6,28
10445,-0.5,29
10446,0.0,30
10447,,
10448,-0.4,24
10449,0.6,26
10450,-0.6,27
10451,,
10452,-0.9,24
10453,0.19999999999999998,25
10454,0.3,26
10455,0.3,27
10456,1.8,28
10457,-1.1,29
10458,,
10459,-0.8,27
10460,,
10461,0.9,25
10462,1.5,26
10463,2.3,27
10464,1.1,28
10465,0.7,29
10466,,
10467,0.2,23
10468,0.7,24
10469,0.0,26
10470,-0.2,27
10471,,
10472,0.0,26
10473,-1.0,27
10474,0.3,28
10475,,
10476,2.5,26
10477,0.3,27
10478,0.0,28
10479,0.3,29
10480,2.3,30
10481,0.4,31
10482,0.4,32
10483,0.2,33
10484,,
10485,-0.4,25
10486,0.1,26
10487,2.1,27
10488,0.1,28
10489,1.0,29
10490,0.3,31
10491,,
10492,-0.5,24
10493,0.1,25
10494,1.3,26
10495,0.6,27
10496,3.4,28
10497,1.3,29
10498,-1.0,30
10499,-0.2,31
10500,-0.7999999999999999,32
10501,,
10502,0.6,21
10503,1.1999999999999997,22
10504,2.0,23
10505,0.09999999999999998,24
10506,2.1999999999999997,25
10507,1.3,26
10508,1.3,28
10509,0.0,29
10510,,
10511,-0.3,23
10512,-0.30000000000000004,24
10513,2.0,25
10514,0.2,26
10515,0.1,27
10516,0.4,28
10517,-0.3,29
10518,2.6,33
10519,0.3,34
10520,0.6,35
10521,,
10522,-0.2,26
10523,0.3,27
10524,,
10525,1.6,21
10526,2.5,22
10527,1.5,23
10528,1.3,24
10529,0.3,25
10530,1.4,26
10531,-1.1,27
10532,1.0,28
10533,-0.8,29
10534,,
10535,1.3,25
10536,0.2,26
10537,-0.2,27
10538,-1.0,28
10539,0.1,29
10540,-0.2,30
10541,,
10542,-0.3,24
10543,0.0,26
10544,1.2,27
10545,0.7,28
10546,0.4,29
10547,-0.4,30
10548,,
10549,0.0,26
10550,1.0,27
10551,-0.3,28
10552,0.8,29
10553,0.0,30
10554,0.1,34
10555,0.8,35
10556,1.6,36
10557,-1.4,37
10558,,
10559,-0.1,23
10560,-0.4,24
10561,,
10562,1.4,28
10563,,
10564,-0.5,25
10565,2.3,26
10566,3.1999999999999997,27
10567,-0.3,28
10568,0.5,29
10569,-2.0,30
10570,,
10571,-0.2,25
10572,-0.4,26
10573,,
10574,0.0,23
10575,0.2,24
10576,0.9,25
10577,-0.3,26
10578,0.4,27
10579,,
10580,0.0,25
10581,-0.4,26
10582,-0.5,27
10583,0.7,28
10584,0.0,29
10585,,
10586,-0.5,26
10587,-0.9,27
10588,,
10589,-0.8,23
10590,,
10591,0.4,23
10592,1.3,24
10593,0.1,25
10594,0.3,26
10595,,
10596,0.1,24
10597,-0.6,25
10598,0.8,26
10599,2.1,27
10600,0.8,28
10601,0.3,29
10602,-0.6,32
10603,-0.5,33
10604,,
10605,-0.6,24
10606,2.2,25
10607,-0.5,26
10608,,
10609,0.9,29
10610,,
10611,-0.1,25
10612,0.1,26
10613,,
10614,0.0,23
10615,-0.1,26
10616,-0.3,27
10617,,
10618,-0.1,23
10619,0.2,24
10620,1.2,25
10621,0.2,27
10622,-0.5,28
10623,,
10624,0.9,25
10625,1.2,26
10626,0.2,27
10627,0.3,28
10628,0.6,29
10629,1.4,30
10630,0.4,31
10631,0.3,32
10632,,
10633,0.9,25
10634,-0.1,26
10635,0.3,27
10636,0.9,28
10637,,
10638,0.30000000000000004,22
10639,2.0,23
10640,4.8,24
10641,1.3,25
10642,1.6999999999999997,26
10643,,
10644,2.6999999999999997,22
10645,5.7,23
10646,0.7,24
10647,4.1,25
10648,2.5,26
10649,,
10650,-0.5,25
10651,-0.2,26
10652,0.2,27
10653,0.2,28
10654,0.9,29
10655,,
10656,0.30000000000000004,25
10657,0.6000000000000001,26
10658,2.9,27
10659,4.2,28
10660,2.3,29
10661,1.3,30
10662,0.4,31
10663,-0.5,32
10664,0.1,33
10665,0.7,34
10666,1.3,35
10667,0.4,36
10668,0.6000000000000001,37
10669,1.3,38
10670,-0.6,39
10671,,
10672,-0.1,20
10673,-0.9,21
10674,0.2,23
10675,5.1000000000000005,24
10676,0.10000000000000003,25
10677,3.6,26
10678,0.5,27
10679,-0.7999999999999999,28
10680,-0.2,29
10681,1.4,30
10682,,
10683,0.0,27
10684,-1.5,28
10685,-0.30000000000000004,29
10686,0.0,30
10687,-1.2,31
10688,-0.3,32
10689,,
10690,0.1,28
10691,-0.1,29
10692,0.1,30
10693,-0.19999999999999996,31
10694,1.3,32
10695,,
10696,2.0,20
10697,-0.5,21
10698,5.9,22
10699,-0.5,23
10700,-1.5,24
10701,1.7,25
10702,1.8,26
10703,-1.0,27
10704,-1.0999999999999999,28
10705,1.0,30
10706,0.6,31
10707,0.4,32
10708,-0.29999999999999993,33
10709,0.2,34
10710,0.3,35
10711,1.3,36
10712,0.4,37
10713,,
10714,-0.2,28
10715,,
10716,0.1,21
10717,0.3,22
10718,-0.7,23
10719,1.0,24
10720,-1.7999999999999998,25
10721,4.0,26
10722,5.1,27
10723,-0.7,28
10724,0.7,29
10725,1.5999999999999999,30
10726,-0.8,31
10727,,
10728,0.9,22
10729,2.0,23
10730,1.9,24
10731,0.8,25
10732,-1.0,26
10733,-0.30000000000000004,27
10734,3.6,28
10735,1.8,29
10736,3.9,30
10737,3.8,31
10738,-0.5,32
10739,-1.3,33
10740,,
10741,0.30000000000000004,21
10742,0.4,22
10743,,
10744,-0.1,24
10745,4.6,25
10746,6.300000000000001,26
10747,2.8000000000000003,27
10748,7.300000000000001,28
10749,7.1000000000000005,29
10750,7.3,30
10751,-0.1,31
10752,2.5,32
10753,2.7,33
10754,3.8000000000000003,34
10755,2.3,35
10756,3.7,36
10757,2.6,37
10758,2.3,38
10759,1.3,39
10760,1.5999999999999999,40
10761,-2.1,41
10762,,
10763,3.5,32
10764,4.3,33
10765,3.0,34
10766,1.4,35
10767,3.7,36
10768,2.8,38
10769,0.4,39
10770,1.5,40
10771,2.5,41
10772,,
10773,2.1,21
10774,-0.4,22
10775,-0.1,23
10776,1.2,24
10777,-0.1,25
10778,-0.3,26
10779,,
10780,-0.19999999999999996,29
10781,-1.0,30
10782,1.7999999999999998,33
10783,-1.0,34
10784,,
10785,-0.9,24
10786,-0.5,25
10787,0.0,26
10788,-0.4,27
10789,-0.5,28
10790,,
10791,0.7,22
10792,0.5,23
10793,,
10794,,
10795,-0.4,28
10796,,
10797,0.2,22
10798,-0.3,23
10799,3.4,24
10800,5.4,25
10801,1.8,26
10802,8.6,27
10803,5.7,28
10804,0.7000000000000001,29
10805,2.3,30
10806,1.7,31
10807,1.5,32
10808,-0.4,33
10809,3.4,34
10810,-1.2,35
10811,,
10812,0.0,21
10813,-0.6,22
10814,1.8,23
10815,-1.6,24
10816,-0.5,25
10817,-0.3,26
10818,1.1,28
10819,-0.5,29
10820,0.2,30
10821,0.30000000000000004,31
10822,0.2,32
10823,,
10824,0.0,24
10825,0.19999999999999998,25
10826,0.0,26
10827,0.7,27
10828,0.0,28
10829,-0.3,29
10830,,
10831,1.4,25
10832,1.5,26
10833,0.0,27
10834,0.0,29
10835,-0.1,30
10836,0.9,31
10837,0.5,32
10838,2.3,33
10839,0.2,34
10840,0.5,35
10841,2.8,36
10842,0.8,37
10843,-0.1,38
10844,,
10845,-0.3,24
10846,1.2000000000000002,25
10847,1.0999999999999999,26
10848,2.8000000000000003,27
10849,-0.4,28
10850,-5.551115123125783e-17,29
10851,1.5,30
10852,2.0,31
10853,-0.30000000000000004,32
10854,1.5,33
10855,,
10856,0.1,30
10857,-0.5,31
10858,0.2,33
10859,-0.2,34
10860,,
10861,0.5,22
10862,3.1,23
10863,1.4,25
10864,-0.09999999999999998,26
10865,2.7,27
10866,4.2,28
10867,5.3999999999999995,29
10868,,
10869,1.0,21
10870,4.3,22
10871,1.5,23
10872,6.0,24
10873,2.2,25
10874,2.1,26
10875,3.2,27
10876,-0.5,28
10877,-0.2,29
10878,-1.4,30
10879,0.3,31
10880,1.5,32
10881,,
10882,-0.3,22
10883,0.0,23
10884,0.3,24
10885,-0.3,25
10886,0.5,30
10887,2.4,31
10888,2.7,32
10889,1.3,33
10890,-1.3,34
10891,0.4,35
10892,-1.1,36
10893,,
10894,1.5,23
10895,-0.7999999999999999,24
10896,-0.5,25
10897,,
10898,0.7,24
10899,0.2,25
10900,-0.6,26
10901,1.7,27
10902,1.3,28
10903,-1.0,29
10904,1.4,30
10905,5.6,31
10906,1.0,33
10907,2.5,34
10908,0.2,35
10909,1.7,36
10910,1.2999999999999998,37
10911,0.2,38
10912,,
10913,0.3,25
10914,-0.1,26
10915,,
10916,1.5999999999999999,23
10917,2.1,24
10918,0.5,25
10919,3.9,26
10920,0.7000000000000001,27
10921,0.0,28
10922,2.4,29
10923,1.9999999999999998,30
10924,-0.3,31
10925,-0.8,32
10926,,
10927,1.3,23
10928,1.0,24
10929,0.1,25
10930,0.3,26
10931,0.6,27
10932,3.2,28
10933,2.8,29
10934,1.3,30
10935,0.9,31
10936,2.4,32
10937,1.1,33
10938,2.3,34
10939,0.8,35
10940,-0.30000000000000004,36
10941,,
10942,0.8,24
10943,-0.2,25
10944,,
10945,0.1,27
10946,-1.0,28
10947,0.1,29
10948,,
10949,-0.4,23
10950,0.0,24
10951,1.5,25
10952,-0.3,26
10953,1.3,27
10954,1.4,28
10955,1.6,29
10956,0.9,30
10957,0.7999999999999999,31
10958,1.0,32
10959,-1.0,36
10960,,
10961,,
10962,,
10963,-0.5,24
10964,-0.1,25
10965,,
10966,3.0,23
10967,3.6,24
10968,1.7000000000000002,25
10969,0.1,26
10970,3.9999999999999996,27
10971,2.8999999999999995,28
10972,-0.7999999999999999,29
10973,5.9,30
10974,2.6,31
10975,1.5,32
10976,0.8,33
10977,-0.7,34
10978,-0.3,35
10979,1.4,36
10980,-0.3,37
10981,,
10982,0.3,22
10983,,
10984,0.4,26
10985,0.2,27
10986,1.2,28
10987,0.7,29
10988,0.7000000000000001,30
10989,0.3,31
10990,,
10991,-0.8,22
10992,-0.6,23
10993,-0.1,24
10994,0.30000000000000004,25
10995,2.7,26
10996,0.5,27
10997,1.0,28
10998,0.8,29
10999,2.0,30
11000,-0.7000000000000001,31
11001,0.1,32
11002,-0.1,33
11003,,
11004,-0.1,25
11005,0.8,26
11006,-0.1,27
11007,1.9,29
11008,1.0,30
11009,0.6,31
11010,0.9,32
11011,0.9,33
11012,0.0,36
11013,,
11014,0.0,24
11015,0.0,26
11016,2.2,27
11017,-0.3,28
11018,6.1,29
11019,1.8,30
11020,2.0,31
11021,3.5,32
11022,2.4,33
11023,0.6,34
11024,1.5,35
11025,1.2,36
11026,0.3,40
11027,,
11028,-0.1,24
11029,,
11030,-0.1,24
11031,-0.5,25
11032,0.9,26
11033,2.4,27
11034,-0.09999999999999998,28
11035,1.6,29
11036,1.0,30
11037,0.8,31
11038,1.1,32
11039,1.9,33
11040,0.1,34
11041,,
11042,0.0,24
11043,-0.4,25
11044,0.0,26
11045,0.2,27
11046,,
11047,0.0,26
11048,-0.1,27
11049,-0.1,28
11050,,
11051,0.1,21
11052,0.4,22
11053,0.9,23
11054,4.3999999999999995,24
11055,1.3,25
11056,3.0999999999999996,26
11057,-0.8,27
11058,0.9000000000000001,28
11059,-0.2,29
11060,-0.7999999999999999,30
11061,4.699999999999999,31
11062,3.2,32
11063,1.2000000000000002,33
11064,-0.4,34
11065,,
11066,-0.1,24
11067,-0.2,25
11068,1.4,27
11069,0.0,28
11070,-0.30000000000000004,29
11071,,
11072,0.0,22
11073,1.2,23
11074,-1.3,24
11075,0.7,25
11076,4.3999999999999995,26
11077,-0.1,27
11078,-0.4,28
11079,1.2000000000000002,29
11080,-0.4,30
11081,1.0,31
11082,0.1,32
11083,,
11084,0.1,26
11085,0.0,27
11086,-0.2,31
11087,0.2,32
11088,1.9,33
11089,0.7,34
11090,1.6,36
11091,-0.5,37
11092,,
11093,-0.7,25
11094,,
11095,-0.09999999999999998,22
11096,,
11097,0.1,27
11098,1.9,28
11099,0.3,29
11100,1.3,30
11101,0.9,31
11102,0.1,32
11103,-0.1,33
11104,-0.4,34
11105,0.1,36
11106,0.6,37
11107,1.2,38
11108,-0.1,39
11109,,
11110,0.8,25
11111,0.2,26
11112,0.5,27
11113,0.0,28
11114,0.4,29
11115,-0.2,30
11116,0.4,31
11117,-0.2,32
11118,0.1,33
11119,,
11120,0.9,21
11121,-0.3,22
11122,2.6,23
11123,2.1,24
11124,-0.4,25
11125,1.7,26
11126,-1.0,27
11127,4.5,28
11128,1.8,29
11129,-0.1,30
11130,-0.5,31
11131,-0.4,32
11132,,
11133,0.1,23
11134,-0.2,24
11135,0.1,25
11136,-0.2,26
11137,0.5,27
11138,3.3,28
11139,-1.1,29
11140,-1.6,30
11141,,
11142,0.4,25
11143,-0.4,26
11144,-0.3,27
11145,,
11146,0.0,24
11147,-0.2,25
11148,-0.5,26
11149,,
11150,-0.1,24
11151,,
11152,0.2,23
11153,0.0,24
11154,-0.6,25
11155,-0.19999999999999998,26
11156,,
11157,0.4,27
11158,,
11159,-0.3,25
11160,-0.1,26
11161,-0.2,27
11162,-0.5,30
11163,,
11164,,
11165,-0.4,28
11166,,
11167,0.2,23
11168,-0.8,24
11169,,
11170,-0.3,23
11171,-0.9,24
11172,-0.5,25
11173,0.0,31
11174,,
11175,1.1,28
11176,0.6,29
11177,1.1,30
11178,1.0,31
11179,4.3,32
11180,-0.5,33
11181,1.5,34
11182,1.2,35
11183,1.7,36
11184,2.6,37
11185,0.2,38
11186,-0.6,40
11187,,
11188,-0.1,18
11189,0.5,22
11190,0.1,23
11191,,
11192,0.0,23
11193,-0.1,24
11194,-0.6,25
11195,-0.2,26
11196,1.2,28
11197,,
11198,0.2,24
11199,2.3,25
11200,1.0,26
11201,-1.1,27
11202,1.1,28
11203,0.8,29
11204,0.1,30
11205,,
11206,-0.5,24
11207,0.0,25
11208,,
11209,0.19999999999999998,22
11210,1.9,23
11211,-0.5,24
11212,0.2,25
11213,2.0,26
11214,1.3,27
11215,0.3,28
11216,1.9,29
11217,2.1,30
11218,0.4,31
11219,2.6,32
11220,0.8,33
11221,0.7,34
11222,-0.2,35
11223,,
11224,0.7,25
11225,2.6,26
11226,2.3000000000000003,27
11227,2.0,28
11228,0.7,29
11229,,
11230,-0.2,24
11231,2.5,25
11232,2.9,26
11233,1.4,27
11234,1.6,28
11235,2.0,29
11236,1.5,30
11237,-0.5,31
11238,0.7,32
11239,-0.1,33
11240,,
11241,-0.1,18
11242,0.5,22
11243,0.1,23
11244,,
11245,,
11246,,
11247,0.2,25
11248,1.2,26
11249,0.1,27
11250,-0.4,28
11251,-0.5,30
11252,,
11253,0.6000000000000001,21
11254,0.0,22
11255,0.4,23
11256,-0.5,24
11257,0.9,25
11258,0.7,26
11259,0.5,27
11260,-0.1,28
11261,,
11262,0.1,24
11263,0.8,25
11264,-0.2,26
11265,0.0,27
11266,0.5,28
11267,-0.4,29
11268,0.1,30
11269,0.0,31
11270,0.7,33
11271,-0.1,34
11272,1.0,35
11273,0.6,36
11274,1.2,37
11275,-0.1,38
11276,0.30000000000000004,39
11277,,
11278,0.7,24
11279,,
11280,-0.5,26
11281,0.4,28
11282,0.0,29
11283,-0.6,30
11284,-0.2,31
11285,-0.3,32
11286,0.0,33
11287,0.6,34
11288,,
11289,2.5,26
11290,0.09999999999999987,27
11291,0.0,30
11292,,
11293,-0.4,24
11294,-0.1,25
11295,-0.4,27
11296,-0.6000000000000001,29
11297,0.1,30
11298,-0.1,31
11299,,
11300,0.0,23
11301,-0.7,24
11302,0.7,25
11303,0.2,26
11304,0.0,27
11305,,
11306,-0.3,23
11307,0.2,24
11308,0.1,25
11309,,
11310,0.3,25
11311,4.3,26
11312,2.9,27
11313,0.30000000000000004,28
11314,-0.2,29
11315,,
11316,0.0,28
11317,-0.5,29
11318,0.2,33
11319,-0.1,34
11320,-0.2,35
11321,,
11322,,
11323,-0.19999999999999998,22
11324,0.9,23
11325,,
11326,0.1,26
11327,,
11328,-0.4,22
11329,,
11330,-0.4,28
11331,0.0,29
11332,,
11333,-0.2,25
11334,1.1,26
11335,1.0,27
11336,1.1,28
11337,0.1,29
11338,1.4,30
11339,0.5,31
11340,0.2,32
11341,0.2,33
11342,0.0,34
11343,,
11344,-0.2,26
11345,,
11346,0.0,26
11347,,
11348,-0.30000000000000004,25
11349,0.4,29
11350,0.6,30
11351,,
11352,0.5,23
11353,1.0,24
11354,0.30000000000000004,25
11355,1.2,26
11356,0.5,27
11357,,
11358,1.0,23
11359,1.4,24
11360,3.1,25
11361,-0.9,26
11362,0.5,27
11363,-0.4,29
11364,0.0,30
11365,,
11366,0.2,24
11367,1.6,25
11368,1.3,26
11369,,
11370,-0.4,25
11371,0.1,26
11372,-0.4,27
11373,,
11374,-0.30000000000000004,22
11375,0.1,23
11376,3.4,24
11377,0.5,25
11378,,
11379,0.0,24
11380,0.8,25
11381,0.8,26
11382,0.1,27
11383,1.0,28
11384,2.4000000000000004,29
11385,-0.3,30
11386,0.5,32
11387,0.2,33
11388,0.0,34
11389,-1.0,35
11390,2.7,36
11391,1.6,37
11392,-1.2000000000000002,38
11393,1.9,39
11394,-0.2,40
11395,,
11396,-0.9,23
11397,-0.1,25
11398,,
11399,1.3,27
11400,0.6,28
11401,0.6,29
11402,0.6,30
11403,1.6,31
11404,0.6,32
11405,1.3,33
11406,0.6,34
11407,0.3,35
11408,-0.3,36
11409,0.0,38
11410,,
11411,-0.3,25
11412,0.6,26
11413,-0.6,27
11414,-0.1,29
11415,,
11416,-0.2,27
11417,0.0,28
11418,0.09999999999999998,29
11419,,
11420,0.1,19
11421,0.0,22
11422,-0.2,24
11423,0.4,25
11424,-0.1,26
11425,0.7,27
11426,1.7,28
11427,2.0,29
11428,1.0,30
11429,-0.9,31
11430,,
11431,0.8,21
11432,3.6999999999999997,22
11433,3.7,23
11434,0.8,24
11435,0.9,25
11436,5.7,26
11437,1.8,27
11438,-0.1,28
11439,0.5,29
11440,,
11441,-0.8,25
11442,1.3,26
11443,3.1999999999999997,27
11444,0.4,28
11445,-1.3,29
11446,0.3,30
11447,0.5,31
11448,0.7,32
11449,-1.3,33
11450,0.2,34
11451,1.6,35
11452,4.2,36
11453,2.1,37
11454,1.4000000000000001,38
11455,1.2000000000000002,39
11456,,
11457,0.6,24
11458,2.1,25
11459,0.5,26
11460,0.0,27
11461,0.1,28
11462,-1.0,29
11463,,
11464,-0.3,25
11465,0.6,26
11466,-0.6,27
11467,-0.1,29
11468,,
11469,-0.1,22
11470,-0.1,24
11471,-0.3,27
11472,0.1,28
11473,-0.2,32
11474,0.1,36
11475,,
11476,-2.1,26
11477,0.5,30
11478,0.0,31
11479,,
11480,0.6,29
11481,1.4,30
11482,1.6,31
11483,0.4,32
11484,,
11485,-0.3,23
11486,,
11487,-0.3,25
11488,0.6,26
11489,-0.6,27
11490,-0.1,29
11491,,
11492,1.9,23
11493,0.7,24
11494,1.9,25
11495,-0.8,26
11496,2.8,27
11497,1.3,28
11498,2.4,29
11499,0.6,30
11500,2.4,31
11501,0.5,32
11502,2.3,33
11503,0.8,34
11504,1.4,35
11505,2.1,36
11506,1.9,37
11507,-0.2,38
11508,,
11509,0.9,19
11510,4.0,20
11511,-0.7,21
11512,-0.1,24
11513,1.2,27
11514,2.0,28
11515,0.4,29
11516,0.5,30
11517,1.7,31
11518,-0.5,32
11519,-0.3,33
11520,,
11521,0.5,23
11522,-0.2,24
11523,0.8,25
11524,1.0999999999999996,26
11525,3.6,27
11526,3.4,28
11527,4.1000000000000005,29
11528,1.7999999999999998,30
11529,1.9,31
11530,1.4000000000000001,32
11531,1.7,34
11532,0.3,35
11533,,
11534,2.5,20
11535,0.2,21
11536,0.3,22
11537,1.7,23
11538,2.4,24
11539,3.6999999999999997,25
11540,0.5,26
11541,4.8,27
11542,-0.30000000000000004,28
11543,3.2,29
11544,1.0999999999999999,30
11545,,
11546,0.19999999999999998,23
11547,-0.9,24
11548,-0.30000000000000004,25
11549,-0.1,26
11550,1.6,27
11551,0.0,28
11552,0.0,29
11553,-0.30000000000000004,30
11554,4.800000000000001,32
11555,4.6,33
11556,2.1,34
11557,3.0,35
11558,2.6999999999999997,36
11559,2.9,37
11560,0.9,38
11561,,
11562,0.7000000000000001,25
11563,0.0,26
11564,0.7,29
11565,1.8,30
11566,1.5999999999999999,31
11567,-0.2,32
11568,0.20000000000000007,33
11569,-0.7000000000000001,34
11570,-0.6,35
11571,0.1,36
11572,-0.3,37
11573,-0.8999999999999999,38
11574,,
11575,,
11576,-0.4,22
11577,0.3,23
11578,0.7,24
11579,4.0,25
11580,3.4,26
11581,-0.2,27
11582,-1.6,28
11583,1.4,29
11584,-0.2,30
11585,0.30000000000000004,31
11586,-0.5,32
11587,,
11588,0.1,24
11589,2.9,25
11590,1.9000000000000001,26
11591,1.2,27
11592,-0.8,28
11593,-0.7,29
11594,0.6,30
11595,0.30000000000000004,31
11596,-0.3,32
11597,0.0,33
11598,1.1,34
11599,-0.2,35
11600,,
11601,0.6,23
11602,-0.30000000000000004,24
11603,4.0,25
11604,0.6,26
11605,1.5,27
11606,0.39999999999999997,28
11607,2.6999999999999997,29
11608,2.0999999999999996,30
11609,0.3,31
11610,-0.8,32
11611,1.9,33
11612,0.6,34
11613,,
11614,2.1999999999999997,24
11615,3.1,25
11616,6.4,26
11617,-1.5,27
11618,-0.4,28
11619,,
11620,0.1,26
11621,0.8,27
11622,0.6,28
11623,-0.7999999999999999,29
11624,-0.4,30
11625,-0.2,32
11626,,
11627,-0.1,25
11628,,
11629,0.10000000000000003,23
11630,-0.29999999999999993,24
11631,0.0,25
11632,0.1,26
11633,0.7,27
11634,-0.8,28
11635,-0.3,30
11636,,
11637,0.2,25
11638,-1.1,26
11639,,
11640,0.5,25
11641,0.3,26
11642,0.0,27
11643,-0.1,28
11644,0.5,29
11645,-0.2,30
11646,-0.1,31
11647,,
11648,0.4,25
11649,-0.7999999999999999,26
11650,-0.6,28
11651,,
11652,0.1,27
11653,-0.1,28
11654,-0.3,29
11655,,
11656,-0.8,23
11657,1.4,24
11658,1.0,25
11659,2.6,26
11660,0.4,27
11661,3.3,28
11662,0.5,29
11663,2.5,30
11664,1.6,31
11665,2.4,32
11666,,
11667,0.3,22
11668,-0.4,23
11669,0.0,24
11670,0.1,25
11671,0.2,27
11672,-0.5,28
11673,,
11674,0.0,25
11675,0.1,26
11676,,
11677,1.8,23
11678,1.2,24
11679,-1.8,25
11680,0.7,26
11681,0.8,27
11682,-0.2,28
11683,,
11684,-0.9,24
11685,-0.1,25
11686,,
11687,,
11688,0.0,25
11689,-0.4,27
11690,0.1,28
11691,,
11692,0.0,25
11693,-0.3,26
11694,,
11695,-0.6,23
11696,,
11697,1.2,22
11698,-0.6000000000000001,23
11699,-0.2,24
11700,0.1,25
11701,,
11702,0.2,25
11703,0.1,26
11704,,
11705,0.7,25
11706,-0.4,26
11707,-0.2,27
11708,-0.9,28
11709,0.8,29
11710,3.9,30
11711,1.9,31
11712,-1.0,32
11713,-0.2,33
11714,,
11715,0.0,25
11716,0.7,26
11717,,
11718,0.0,25
11719,0.1,26
11720,,
11721,-0.5,23
11722,-0.5,24
11723,-0.5,25
11724,0.6,26
11725,,
11726,0.6,28
11727,-0.8,29
11728,,
11729,-0.6,26
11730,2.7,27
11731,2.6,28
11732,-0.1,29
11733,0.5,30
11734,4.1,31
11735,2.7,32
11736,0.8,33
11737,2.7,34
11738,1.5,35
11739,0.7,36
11740,0.5,37
11741,-0.5,38
11742,-0.8,39
11743,2.2,40
11744,0.5,41
11745,-0.8999999999999999,42
11746,,
11747,-0.3,24
11748,0.3,25
11749,-0.1,26
11750,,
11751,1.8,20
11752,2.1,21
11753,1.3,22
11754,1.4,23
11755,1.8,24
11756,,
11757,1.3,23
11758,0.7,24
11759,-1.2000000000000002,25
11760,0.49999999999999994,26
11761,1.9,27
11762,1.2,28
11763,-0.2,29
11764,,
11765,-0.6,24
11766,0.0,25
11767,0.5,26
11768,-0.3,27
11769,-2.7,28
11770,,
11771,0.4,22
11772,3.0,23
11773,2.3,24
11774,0.8,25
11775,-0.9,26
11776,1.1,27
11777,0.5,28
11778,1.6,29
11779,-0.20000000000000007,30
11780,1.1,31
11781,0.8,32
11782,1.3,34
11783,-0.4,35
11784,,
11785,,
11786,0.7000000000000001,25
11787,1.1,26
11788,-0.4,27
11789,0.0,28
11790,1.1,29
11791,-0.3,30
11792,,
11793,0.1,25
11794,,
11795,,
11796,3.9999999999999996,32
11797,2.5,33
11798,0.8,34
11799,2.1999999999999997,35
11800,-0.4,36
11801,,
11802,0.1,24
11803,-0.7000000000000001,25
11804,0.1,26
11805,0.6,29
11806,-0.2,30
11807,-0.1,32
11808,,
11809,1.1,23
11810,-0.1,24
11811,,
11812,-0.2,27
11813,-0.3,28
11814,,
11815,0.0,23
11816,0.1,24
11817,0.2,26
11818,,
11819,-0.1,24
11820,0.8,26
11821,-0.1,27
11822,0.9,28
11823,-0.5000000000000001,29
11824,0.4,30
11825,-0.5,31
11826,1.0,32
11827,2.1,33
11828,-0.4,34
11829,0.5,35
11830,2.0,36
11831,1.4,37
11832,0.30000000000000004,38
11833,0.4,39
11834,,
11835,-0.39999999999999997,25
11836,1.3,26
11837,0.8,27
11838,-0.1,28
11839,0.9999999999999999,29
11840,-0.4,30
11841,-0.9,31
11842,-0.6,32
11843,0.9,33
11844,0.7,34
11845,0.30000000000000004,35
11846,0.2,36
11847,0.5,37
11848,-0.1,38
11849,0.4,39
11850,,
11851,1.5,26
11852,-0.1,27
11853,1.6,29
11854,-0.5,30
11855,-1.5,31
11856,-0.2,32
11857,,
11858,-0.1,22
11859,,
11860,,
11861,0.0,21
11862,0.49999999999999994,23
11863,-0.5,24
11864,1.0,25
11865,1.5,26
11866,0.1,27
11867,-0.3,28
11868,-1.7000000000000002,29
11869,-0.2,30
11870,0.1,32
11871,-0.4,33
11872,,
11873,0.1,24
11874,-1.2000000000000002,25
11875,1.9,26
11876,1.5,27
11877,-1.2,28
11878,-1.8,29
11879,0.8,30
11880,0.3,32
11881,0.2,33
11882,,
11883,1.0,26
11884,0.5,27
11885,2.5,28
11886,0.7,29
11887,,
11888,-0.7,24
11889,0.0,27
11890,0.2,30
11891,,
11892,-0.2,25
11893,0.6,26
11894,,
11895,0.4,21
11896,2.5,22
11897,-2.8,23
11898,3.0,24
11899,7.2,25
11900,8.0,26
11901,2.3,27
11902,5.5,28
11903,5.3,29
11904,3.6,30
11905,6.2,31
11906,6.9,32
11907,8.2,33
11908,8.600000000000001,34
11909,0.8,35
11910,-1.4000000000000001,36
11911,,
11912,4.8,23
11913,6.9,24
11914,2.9,25
11915,3.8,26
11916,6.0,27
11917,6.0,28
11918,6.5,29
11919,4.2,30
11920,2.4,31
11921,5.700000000000001,32
11922,1.9000000000000001,33
11923,-0.3,34
11924,-0.8,35
11925,,
11926,0.0,24
11927,0.4,25
11928,0.19999999999999998,26
11929,-1.3,27
11930,-0.2,29
11931,,
11932,,
11933,-2.0,21
11934,0.7,22
11935,-1.7,23
11936,-0.30000000000000004,24
11937,,
11938,0.1,20
11939,-0.3,21
11940,-0.6,22
11941,-0.2,24
11942,0.6,25
11943,-1.0,26
11944,0.5,29
11945,1.0,30
11946,0.1,31
11947,0.8,32
11948,-0.6,33
11949,-0.1,34
11950,1.0,35
11951,1.2,36
11952,0.19999999999999998,37
11953,0.9,38
11954,-0.1,39
11955,,
11956,-0.5,28
11957,0.0,29
11958,,
11959,0.2,24
11960,2.9,25
11961,0.6000000000000001,26
11962,4.5,27
11963,3.8,28
11964,3.1,29
11965,1.7,30
11966,-1.7,31
11967,-1.2,32
11968,-0.1,33
11969,-0.39999999999999997,35
11970,-0.4,36
11971,,
11972,-0.2,23
11973,-0.6,24
11974,0.3,25
11975,-0.10000000000000003,26
11976,-0.5,27
11977,-0.2,28
11978,0.0,29
11979,0.6,30
11980,0.3,31
11981,-0.5,32
11982,-0.7,34
11983,0.3,35
11984,-0.3,36
11985,0.8,37
11986,1.7,38
11987,1.3,39
11988,0.6000000000000001,40
11989,0.0,41
11990,,
11991,1.8,24
11992,-0.4,25
11993,,
11994,0.2,25
11995,1.5,30
11996,0.2,31
11997,,
11998,0.1,27
11999,1.4,29
12000,1.2,30
12001,0.4,31
12002,1.0,32
12003,,
12004,-0.2,24
12005,0.0,25
12006,,
12007,-0.4,27
12008,-1.1,28
12009,,
12010,-0.2,24
12011,2.6,25
12012,1.6,26
12013,0.4,27
12014,-1.1,28
12015,-0.1,31
12016,,
12017,-1.4,21
12018,1.2,22
12019,3.6,23
12020,-0.6,24
12021,-0.49999999999999994,25
12022,-2.1,26
12023,0.3,27
12024,2.0,28
12025,-0.4,29
12026,0.0,30
12027,6.800000000000001,31
12028,3.4,32
12029,2.5,33
12030,0.30000000000000004,34
12031,3.8,35
12032,-0.2,36
12033,,
12034,0.9,25
12035,-0.8,26
12036,-0.8,27
12037,5.0,28
12038,-0.7,29
12039,-0.2,30
12040,,
12041,0.0,25
12042,2.3,26
12043,-0.7,27
12044,0.1,28
12045,-0.8,29
12046,,
12047,0.30000000000000004,27
12048,,
12049,0.3,20
12050,-0.9,21
12051,-0.8,22
12052,-0.1,28
12053,-0.2,33
12054,,
12055,0.1,26
12056,0.8,28
12057,1.0,29
12058,3.3,30
12059,1.3,31
12060,1.0,32
12061,0.7,33
12062,1.6,34
12063,0.7,35
12064,2.2,36
12065,0.7,37
12066,-1.7,38
12067,,
12068,0.1,26
12069,0.0,27
12070,-0.1,29
12071,,
12072,-0.5,24
12073,0.5,25
12074,-0.5,26
12075,0.4,29
12076,-0.5,30
12077,,
12078,0.5,24
12079,,
12080,0.5,25
12081,0.0,26
12082,-0.5,27
12083,-0.2,29
12084,,
12085,-0.4,27
12086,,
12087,0.9,23
12088,-0.9,24
12089,,
12090,0.1,22
12091,2.1,23
12092,-0.4,24
12093,-0.30000000000000004,25
12094,1.0,26
12095,1.4,27
12096,1.4,28
12097,1.3,29
12098,2.1,30
12099,1.8,34
12100,1.3,35
12101,2.5,36
12102,-0.7,37
12103,,
12104,0.5,27
12105,1.3,28
12106,-0.8,29
12107,0.3,30
12108,-0.3,31
12109,,
12110,-0.2,27
12111,0.2,28
12112,0.1,31
12113,,
12114,0.4,22
12115,0.8,23
12116,-0.6,24
12117,-0.4,25
12118,,
12119,0.5,24
12120,0.7,25
12121,0.7,26
12122,1.2,27
12123,0.0,28
12124,2.0999999999999996,29
12125,1.7,30
12126,,
12127,0.4,24
12128,2.0,25
12129,1.2,26
12130,-2.7,27
12131,-0.1,31
12132,,
12133,2.1,24
12134,-0.9,25
12135,-1.4,26
12136,-0.2,27
12137,-0.2,28
12138,,
12139,0.3,25
12140,0.3,27
12141,0.7000000000000001,28
12142,0.0,29
12143,,
12144,0.3,27
12145,0.2,28
12146,1.0,29
12147,1.4,30
12148,0.1,31
12149,,
12150,0.2,22
12151,-0.9,23
12152,-0.5,25
12153,-0.8999999999999999,26
12154,0.2,27
12155,-0.19999999999999998,28
12156,3.2,33
12157,1.9,34
12158,-2.0,35
12159,0.7000000000000001,36
12160,-0.4,37
12161,-0.2,38
12162,,
12163,0.8,20
12164,-0.3,21
12165,-0.4,22
12166,-0.2,23
12167,-0.2,24
12168,,
12169,-0.1,23
12170,0.4,24
12171,0.9,25
12172,0.5,26
12173,1.1,27
12174,0.1,28
12175,0.6,29
12176,-0.1,30
12177,,
12178,0.0,24
12179,-0.2,25
12180,0.1,26
12181,-0.2,27
12182,0.2,28
12183,,
12184,1.1,26
12185,1.3,27
12186,,
12187,0.6,30
12188,,
12189,-0.3,25
12190,1.2,26
12191,0.4,27
12192,,
12193,-0.9,31
12194,-0.1,32
12195,-0.4,33
12196,,
12197,0.09999999999999998,23
12198,-0.8,24
12199,-0.4,25
12200,,
12201,0.2,21
12202,-0.9,22
12203,-0.6000000000000001,23
12204,0.4,24
12205,-0.9,25
12206,0.7000000000000001,30
12207,0.7,31
12208,2.4,32
12209,1.8,33
12210,1.6,34
12211,-0.6,35
12212,0.8,36
12213,,
12214,0.4,26
12215,,
12216,-0.8,24
12217,-0.2,25
12218,-0.1,26
12219,,
12220,-0.2,24
12221,-0.5,25
12222,0.8,26
12223,1.4,27
12224,2.9,28
12225,-1.1,29
12226,1.3,30
12227,0.8999999999999999,31
12228,,
12229,-0.3,25
12230,0.4,26
12231,0.5,27
12232,1.0,28
12233,-0.3,29
12234,1.6,30
12235,-0.1,31
12236,0.0,32
12237,,
12238,0.6000000000000001,27
12239,0.7999999999999999,28
12240,0.7,29
12241,,
12242,0.1,25
12243,-0.3,26
12244,,
12245,0.1,26
12246,0.5,27
12247,0.8,28
12248,1.4,29
12249,-0.3,30
12250,0.1,31
12251,,
12252,0.1,28
12253,,
12254,-0.3,21
12255,0.3,22
12256,0.0,23
12257,0.8,24
12258,0.30000000000000004,25
12259,0.8,26
12260,,
12261,0.7,24
12262,-0.3,25
12263,,
12264,0.1,26
12265,1.1,27
12266,-0.2,28
12267,-0.6,29
12268,,
12269,0.0,26
12270,0.0,27
12271,0.7,28
12272,1.7,29
12273,0.7,30
12274,-0.5,31
12275,,
12276,-0.1,21
12277,0.5,22
12278,2.8,23
12279,,
12280,-0.2,24
12281,0.0,25
12282,,
12283,,
12284,0.3,29
12285,,
12286,,
12287,0.7000000000000001,28
12288,1.5,29
12289,0.7,30
12290,-0.5,31
12291,-0.4,32
12292,,
12293,0.4,25
12294,1.3,26
12295,3.1,27
12296,1.9,28
12297,2.1,29
12298,2.6,30
12299,1.0,31
12300,0.8,32
12301,-0.6,33
12302,-0.4,34
12303,,
12304,0.3,22
12305,-0.4,23
12306,-1.3,24
12307,-0.5,25
12308,-0.19999999999999996,28
12309,-1.1,29
12310,0.6,30
12311,0.7,31
12312,-0.1,32
12313,,
12314,,
12315,0.6,28
12316,-0.1,29
12317,0.3,31
12318,-0.3,34
12319,0.5,35
12320,1.7,36
12321,-0.7,37
12322,1.9,38
12323,-0.3,39
12324,,
12325,-0.1,25
12326,,
12327,0.2,25
12328,0.9,26
12329,,
12330,,
12331,-0.2,26
12332,-0.4,29
12333,0.3,30
12334,,
12335,-0.2,27
12336,0.1,30
12337,,
12338,0.9,26
12339,-0.3,27
12340,-1.0,28
12341,0.8,29
12342,-0.2,30
12343,,
12344,-0.1,24
12345,-0.2,27
12346,-0.8999999999999999,28
12347,0.9,29
12348,0.6,30
12349,2.0,31
12350,2.8,32
12351,0.8,33
12352,1.8,34
12353,2.0,35
12354,0.5,36
12355,1.3,37
12356,-0.5,38
12357,,
12358,1.0,22
12359,2.0,23
12360,2.5,24
12361,-1.6,25
12362,-1.0,27
12363,0.2000000000000001,28
12364,0.3,29
12365,0.5,30
12366,-1.6,31
12367,0.1,32
12368,,
12369,-0.4,22
12370,0.0,23
12371,0.0,24
12372,0.9,25
12373,1.0,26
12374,0.2,28
12375,,
12376,2.6,22
12377,4.4,23
12378,3.7,24
12379,1.4,25
12380,0.5,26
12381,2.6,27
12382,2.2,28
12383,4.0,29
12384,4.3999999999999995,30
12385,2.0,31
12386,-1.0999999999999999,32
12387,-0.9,34
12388,-0.09999999999999998,36
12389,-0.5,37
12390,-0.4,38
12391,,
12392,0.5,25
12393,-0.6,26
12394,-0.3,27
12395,-0.1,28
12396,0.4,29
12397,0.7,30
12398,0.7999999999999999,31
12399,0.6,32
12400,2.3,33
12401,1.3,34
12402,0.4,35
12403,0.2,36
12404,1.2,37
12405,,
12406,0.5,22
12407,0.5,23
12408,-0.2,24
12409,-0.3,25
12410,3.6999999999999997,26
12411,-0.9,27
12412,0.5,28
12413,-0.1,29
12414,1.7,30
12415,1.5,31
12416,1.2000000000000002,32
12417,-0.19999999999999996,33
12418,0.09999999999999998,34
12419,,
12420,-0.9,28
12421,,
12422,1.1,27
12423,1.2,28
12424,1.6,29
12425,2.4,30
12426,1.5,31
12427,-1.0,32
12428,2.9,33
12429,-0.5,34
12430,0.1,35
12431,-0.4,36
12432,,
12433,2.3,23
12434,2.8,24
12435,1.7999999999999998,25
12436,1.1,26
12437,1.6,27
12438,-1.0,28
12439,,
12440,0.1,20
12441,3.4,21
12442,4.2,22
12443,5.8999999999999995,23
12444,3.9,24
12445,0.5,25
12446,-1.1,26
12447,-0.3,27
12448,1.0,29
12449,1.7999999999999998,30
12450,3.1,31
12451,0.3,32
12452,,
12453,0.1,23
12454,0.2,24
12455,-0.4,25
12456,1.2,26
12457,2.6,27
12458,2.5,28
12459,0.9,29
12460,0.6,30
12461,1.0,31
12462,0.1,32
12463,0.4,33
12464,0.4,34
12465,,
12466,0.3,25
12467,-0.3,26
12468,-0.3,27
12469,,
12470,-0.9,22
12471,-0.1,26
12472,0.2,27
12473,,
12474,-0.2,25
12475,,
12476,0.1,25
12477,0.0,26
12478,1.2,27
12479,-0.4,28
12480,,
12481,0.8,25
12482,-0.8,26
12483,0.1,27
12484,,
12485,-0.1,25
12486,0.0,26
12487,0.3,27
12488,2.3,28
12489,2.4,29
12490,,
12491,-0.2,21
12492,2.5,22
12493,-1.2000000000000002,23
12494,1.4000000000000001,24
12495,-0.30000000000000004,25
12496,-0.7,26
12497,,
12498,-0.1,27
12499,-0.2,28
12500,2.6,29
12501,0.9,30
12502,-0.8,31
12503,-0.1,33
12504,-1.5,34
12505,,
12506,2.2,27
12507,1.4,28
12508,-0.5,29
12509,2.0,30
12510,0.0,31
12511,0.1,33
12512,0.0,34
12513,,
12514,-0.3,25
12515,0.5,26
12516,1.3,27
12517,0.0,28
12518,0.3,29
12519,0.4,30
12520,1.1,31
12521,0.20000000000000007,32
12522,-0.4,33
12523,0.8,34
12524,-0.7,35
12525,-0.4,36
12526,,
12527,0.2,21
12528,-0.7,25
12529,0.19999999999999998,26
12530,-0.5,27
12531,0.4,28
12532,0.7000000000000001,29
12533,-0.4,30
12534,1.8,31
12535,-0.4,32
12536,-0.6,33
12537,0.4,36
12538,-0.5,37
12539,,
12540,,
12541,0.0,24
12542,0.2,25
12543,2.0,26
12544,-0.5,27
12545,1.8,28
12546,1.8,29
12547,2.1,30
12548,-2.1,31
12549,0.7,32
12550,0.5,33
12551,,
12552,2.6,23
12553,2.6999999999999997,24
12554,0.1,25
12555,1.6,26
12556,0.7,27
12557,1.2,28
12558,-0.1,29
12559,-0.3,30
12560,0.0,31
12561,,
12562,-0.4,23
12563,0.2,24
12564,0.5,25
12565,0.3,26
12566,-0.6,27
12567,1.7999999999999998,28
12568,0.2,29
12569,-1.5,30
12570,,
12571,0.0,21
12572,0.2,25
12573,1.1,26
12574,2.0,27
12575,0.4,28
12576,1.7000000000000002,29
12577,0.6,30
12578,-0.1,31
12579,0.1,33
12580,,
12581,0.2,25
12582,0.0,26
12583,-0.5,28
12584,,
12585,0.8,25
12586,1.4,26
12587,1.2,27
12588,0.1,28
12589,0.9,29
12590,1.4,30
12591,2.5,31
12592,0.9,32
12593,,
12594,0.1,22
12595,-0.6,23
12596,-0.3,24
12597,-0.1,25
12598,-0.4,26
12599,,
12600,-0.4,21
12601,-0.4000000000000001,22
12602,-0.3,23
12603,-0.7,24
12604,,
12605,1.2000000000000002,25
12606,-0.3,26
12607,-0.1,27
12608,0.8,28
12609,-0.2,29
12610,,
12611,0.2,27
12612,1.1,28
12613,-0.6,29
12614,0.0,30
12615,-0.2,31
12616,-0.2,32
12617,,
12618,-0.6,24
12619,0.1,25
12620,-0.7,26
12621,-0.1,27
12622,-0.30000000000000004,28
12623,0.1,32
12624,,
12625,-0.8,26
12626,-0.8,27
12627,2.4,28
12628,0.1,29
12629,2.7,30
12630,-1.5,31
12631,-0.2,32
12632,,
12633,3.0,24
12634,1.6,25
12635,2.5,26
12636,1.5,27
12637,,
12638,-0.2,23
12639,1.0,24
12640,1.6,25
12641,1.4,26
12642,1.9,27
12643,2.5,28
12644,1.5,29
12645,0.2,30
12646,-0.6,31
12647,,
12648,1.0999999999999999,24
12649,1.2000000000000002,25
12650,1.0999999999999999,26
12651,,
12652,-0.3,23
12653,0.0,24
12654,-0.3,25
12655,,
12656,-0.4,21
12657,0.4,22
12658,-1.5,23
12659,0.1,25
12660,-0.2,26
12661,-0.6,27
12662,-0.4,28
12663,,
12664,-0.1,25
12665,,
12666,-0.1,22
12667,0.1,23
12668,,
12669,0.2,23
12670,-0.2,24
12671,,
12672,-0.1,24
12673,,
12674,2.3,23
12675,0.0,24
12676,,
12677,-0.2,22
12678,-0.6,23
12679,0.2,24
12680,-0.1,25
12681,1.0,26
12682,-0.9,28
12683,0.7,29
12684,-0.09999999999999998,30
12685,,
12686,0.6,25
12687,0.5,26
12688,1.7,27
12689,1.7,28
12690,1.9,29
12691,0.8,30
12692,0.2,31
12693,0.9,32
12694,0.7,33
12695,0.5,34
12696,0.2,35
12697,0.6000000000000001,36
12698,,
12699,1.5,26
12700,1.4,27
12701,-0.4,28
12702,1.1,29
12703,-1.3,30
12704,-0.1,31
12705,,
12706,0.3,23
12707,-0.5,26
12708,-0.1,28
12709,-0.3,29
12710,,
12711,1.8,26
12712,0.9,27
12713,2.3,28
12714,2.4,29
12715,,
12716,1.7,24
12717,0.9,25
12718,-0.7,26
12719,0.3,27
12720,0.1,28
12721,,
12722,0.0,22
12723,-1.3,24
12724,-0.6,25
12725,-0.1,26
12726,1.5,27
12727,-0.2,28
12728,,
12729,-0.1,25
12730,-0.2,26
12731,,
12732,2.9,33
12733,-0.1,34
12734,2.4000000000000004,35
12735,-0.6,36
12736,,
12737,-0.7,22
12738,-0.2,23
12739,,
12740,1.0,23
12741,4.5,24
12742,,
12743,0.0,25
12744,0.9,26
12745,-0.4,27
12746,,
12747,,
12748,-0.7,24
12749,0.30000000000000004,25
12750,1.5999999999999999,26
12751,2.3000000000000003,27
12752,4.2,28
12753,0.30000000000000004,29
12754,3.9000000000000004,30
12755,3.5,31
12756,1.2,32
12757,2.5,33
12758,0.3,34
12759,-1.3,35
12760,-0.3,36
12761,,
12762,-0.5,24
12763,,
12764,0.4,23
12765,0.6,24
12766,1.9,25
12767,3.0,26
12768,4.199999999999999,28
12769,3.3,29
12770,1.0999999999999999,30
12771,-0.9,31
12772,-0.1,33
12773,,
12774,0.2,24
12775,0.3,25
12776,0.1,26
12777,0.7,27
12778,0.10000000000000003,28
12779,,
12780,0.5,28
12781,-0.9,29
12782,0.3,30
12783,-0.9,31
12784,0.2,32
12785,0.8,33
12786,1.7000000000000002,34
12787,0.2,35
12788,1.0,36
12789,-0.9,37
12790,0.0,38
12791,,
12792,1.2000000000000002,23
12793,-0.3,24
12794,2.1,25
12795,-1.5,26
12796,4.5,27
12797,-1.1,28
12798,1.6,29
12799,0.0,30
12800,,
12801,-0.5,22
12802,1.2000000000000002,23
12803,4.1,24
12804,-0.19999999999999998,25
12805,1.0,26
12806,2.3,27
12807,1.4000000000000001,28
12808,2.7755575615628914e-17,29
12809,-1.0,30
12810,1.3,31
12811,0.8,32
12812,0.0,33
12813,0.0,35
12814,,
12815,-0.9,23
12816,0.6,25
12817,2.2,26
12818,-0.6,27
12819,-0.2,28
12820,0.4,29
12821,0.2,31
12822,,
12823,-0.1,25
12824,0.2,26
12825,0.6,27
12826,0.4,28
12827,0.0,29
12828,-0.2,30
12829,0.7,31
12830,1.5,32
12831,-0.7,33
12832,1.1,34
12833,0.8,35
12834,,
12835,0.1,24
12836,0.0,25
12837,1.6,26
12838,1.8,27
12839,-1.3,28
12840,,
12841,0.6,21
12842,3.4,22
12843,2.2,23
12844,3.9000000000000004,24
12845,-0.5,25
12846,0.4,26
12847,-1.2000000000000002,27
12848,-0.9,28
12849,,
12850,1.4,28
12851,3.1,29
12852,0.1,30
12853,1.7,31
12854,0.5,32
12855,1.4,33
12856,3.2,34
12857,-0.3,35
12858,0.6,36
12859,,
12860,2.2,35
12861,-0.10000000000000003,36
12862,,
12863,1.0,21
12864,1.7,22
12865,2.6,23
12866,0.6,24
12867,2.6,25
12868,4.2,26
12869,1.2999999999999998,27
12870,-1.3,28
12871,-0.6000000000000001,29
12872,-0.6,30
12873,0.20000000000000004,31
12874,-0.7,32
12875,,
12876,0.4,22
12877,-0.5,23
12878,-0.1,24
12879,0.3,25
12880,,
12881,0.2,25
12882,0.0,27
12883,0.1,29
12884,,
12885,1.4,23
12886,3.1999999999999997,24
12887,5.4,25
12888,-0.3,26
12889,2.7,27
12890,0.2,28
12891,5.6,29
12892,,
12893,0.4,26
12894,-1.0,27
12895,-0.5,28
12896,,
12897,-0.1,25
12898,2.3,26
12899,,
12900,-0.3,22
12901,0.19999999999999998,23
12902,0.9,24
12903,1.1,25
12904,0.8,26
12905,-0.3,27
12906,1.9,28
12907,-0.3,29
12908,1.6,30
12909,1.2,31
12910,-0.2,32
12911,-1.1,33
12912,,
12913,,
12914,-0.2,25
12915,0.3,27
12916,,
12917,-0.2,24
12918,,
12919,1.3,21
12920,0.9,22
12921,3.9000000000000004,23
12922,3.0,24
12923,3.1999999999999997,25
12924,1.9,26
12925,3.6999999999999997,27
12926,6.6000000000000005,28
12927,2.7,29
12928,6.4,30
12929,,
12930,0.2,25
12931,-0.5,26
12932,,
12933,-0.4,21
12934,0.1,22
12935,0.9,23
12936,2.2,24
12937,0.2,25
12938,0.39999999999999997,26
12939,2.6,27
12940,2.5,28
12941,-0.10000000000000003,29
12942,0.09999999999999998,30
12943,-0.2,31
12944,0.30000000000000004,32
12945,-0.4,33
12946,,
12947,0.2,24
12948,1.2,25
12949,1.2,26
12950,2.1,27
12951,0.9,28
12952,-0.09999999999999998,29
12953,1.6,30
12954,1.5,31
12955,2.1,32
12956,1.9,33
12957,,
12958,0.2,27
12959,0.6000000000000001,28
12960,0.7,29
12961,-0.1,30
12962,-0.4,31
12963,-0.2,32
12964,,
12965,0.0,24
12966,0.2,26
12967,0.3,27
12968,-0.2,28
12969,,
12970,,
12971,1.0,21
12972,1.0,22
12973,0.4,25
12974,0.0,26
12975,2.2,27
12976,1.9000000000000001,28
12977,2.4000000000000004,29
12978,2.5,30
12979,0.1,32
12980,-0.4,33
12981,0.0,34
12982,,
12983,1.5,22
12984,2.5,23
12985,3.3000000000000003,24
12986,0.1,25
12987,-0.39999999999999997,26
12988,-0.1,29
12989,,
12990,0.6000000000000001,27
12991,-0.4,28
12992,1.5,30
12993,1.6,31
12994,1.2,32
12995,0.8,33
12996,0.1,34
12997,-0.3,35
12998,,
12999,-0.7,24
13000,0.4,25
13001,,
13002,0.3,27
13003,0.39999999999999997,28
13004,1.1,29
13005,4.1,30
13006,1.4,31
13007,1.5,32
13008,1.7999999999999998,33
13009,0.5,34
13010,0.6,35
13011,0.7,36
13012,2.6,37
13013,1.5,38
13014,1.5,39
13015,-0.4,40
13016,,
13017,-0.5,25
13018,,
13019,,
13020,3.2,29
13021,-0.1,30
13022,3.1,32
13023,-0.2,33
13024,1.4,34
13025,4.4,35
13026,-0.6,36
13027,-0.1,37
13028,-0.8999999999999999,38
13029,,
13030,0.1,28
13031,-0.4,29
13032,,
13033,0.0,22
13034,3.3,23
13035,-0.7000000000000001,24
13036,3.3000000000000003,25
13037,0.7,26
13038,3.8,27
13039,0.0,28
13040,2.8000000000000003,29
13041,1.1,30
13042,2.4,31
13043,4.4,32
13044,3.0,33
13045,0.19999999999999998,34
13046,0.8,35
13047,1.4,36
13048,-1.2,37
13049,,
13050,-0.1,22
13051,1.4000000000000001,23
13052,2.2,24
13053,-0.9000000000000001,25
13054,0.7,26
13055,-0.1,27
13056,0.2,28
13057,,
13058,-0.5,24
13059,0.1,25
13060,0.0,26
13061,1.5,27
13062,,
13063,0.2,27
13064,-0.3,28
13065,,
13066,1.3,24
13067,2.6,25
13068,-0.30000000000000004,26
13069,1.9,27
13070,2.5,28
13071,,
13072,-0.1,28
13073,0.2,29
13074,0.5,30
13075,1.7999999999999998,31
13076,-0.8,32
13077,1.6,33
13078,-0.1,34
13079,,
13080,0.1,23
13081,-0.4,24
13082,0.1,25
13083,,
13084,,
13085,0.0,23
13086,0.8,24
13087,-0.3,25
13088,0.30000000000000004,26
13089,0.5,27
13090,-0.5,28
13091,,
13092,2.2,24
13093,-0.9,25
13094,0.1,26
13095,0.0,27
13096,,
13097,,
13098,0.1,24
13099,0.5,25
13100,-0.4,26
13101,-0.4,27
13102,-0.9,28
13103,1.2999999999999998,29
13104,-0.7,30
13105,,
13106,,
13107,0.3,23
13108,,
13109,0.1,20
13110,0.9,21
13111,1.2,22
13112,0.3,23
13113,3.0,24
13114,0.1,25
13115,0.1,26
13116,,
13117,3.2,36
13118,3.5,37
13119,1.4,38
13120,1.6,39
13121,0.7,40
13122,0.8,41
13123,-0.7,42
13124,,
13125,-0.3,25
13126,-0.2,26
13127,,
13128,-1.0,25
13129,0.6,26
13130,,
13131,2.1,26
13132,4.4,27
13133,0.7,28
13134,5.5,29
13135,1.1,30
13136,3.2,31
13137,2.0,32
13138,,
13139,0.1,25
13140,2.2,26
13141,-1.0,27
13142,-0.5,28
13143,0.1,29
13144,0.0,30
13145,,
13146,-0.1,22
13147,0.0,23
13148,0.1,24
13149,,
13150,0.0,24
13151,-0.3,25
13152,-0.6,26
13153,0.4,28
13154,0.8,29
13155,3.3,30
13156,0.8,31
13157,-0.4,32
13158,0.2,33
13159,0.7,34
13160,-0.3,35
13161,0.1,37
13162,,
13163,-0.1,22
13164,0.0,23
13165,0.1,24
13166,,
13167,-1.3,24
13168,0.9,25
13169,2.1,26
13170,0.30000000000000004,28
13171,0.4,29
13172,,
13173,-0.2,26
13174,,
13175,-0.3,27
13176,0.8,28
13177,-0.4,29
13178,,
13179,0.0,25
13180,-1.0,27
13181,-0.7,28
13182,,
13183,0.2,26
13184,,
13185,-0.3,24
13186,,
13187,-0.3,25
13188,0.1,26
13189,,
13190,0.2,24
13191,-0.6,25
13192,0.2,26
13193,,
13194,2.0,25
13195,-0.7,26
13196,0.0,27
13197,,
13198,0.7,25
13199,1.2,26
13200,2.0,27
13201,2.5,28
13202,,
13203,1.2,23
13204,0.7,24
13205,-0.8,25
13206,-0.5,27
13207,,
13208,0.1,25
13209,-0.4,26
13210,-0.8,27
13211,,
13212,0.0,25
13213,-1.0,27
13214,-0.7,28
13215,,
13216,-0.4,23
13217,0.0,24
13218,0.1,25
13219,2.4,26
13220,2.1999999999999997,27
13221,4.1000000000000005,28
13222,0.1,29
13223,1.6,30
13224,3.8,31
13225,4.0,32
13226,4.6,33
13227,3.5,34
13228,1.1,35
13229,0.5,36
13230,-0.5,37
13231,,
13232,-0.4,22
13233,1.7,23
13234,-0.6,24
13235,0.2,25
13236,0.4,26
13237,0.6,27
13238,1.8,28
13239,-0.4,29
13240,1.4,30
13241,0.5,31
13242,-1.0,32
13243,,
13244,-0.7999999999999999,23
13245,0.1,25
13246,-0.3,26
13247,1.5,27
13248,2.5,28
13249,1.9000000000000001,29
13250,3.2,30
13251,-1.0,31
13252,-2.8,32
13253,2.2,33
13254,0.9999999999999999,34
13255,2.0,35
13256,1.1999999999999997,36
13257,0.2,37
13258,-5.551115123125783e-17,38
13259,-0.6000000000000001,39
13260,0.0,40
13261,0.6,41
13262,0.3,42
13263,-0.1,43
13264,,
13265,-0.5,27
13266,,
13267,0.8,24
13268,-0.3,25
13269,,
13270,0.0,23
13271,-0.3,24
13272,-0.2,25
13273,,
13274,1.1,25
13275,2.6999999999999997,26
13276,3.6999999999999997,27
13277,0.9,28
13278,4.1,29
13279,1.9999999999999998,30
13280,2.0,31
13281,-0.1,32
13282,2.2,33
13283,4.8,34
13284,1.0,35
13285,3.3,36
13286,-1.4,37
13287,-0.4,38
13288,,
13289,0.0,24
13290,-0.8,25
13291,-0.5,26
13292,0.2,31
13293,-0.6,32
13294,0.2,33
13295,0.6,34
13296,1.0,35
13297,0.7,36
13298,0.0,37
13299,0.0,38
13300,-0.1,39
13301,,
13302,1.0,21
13303,1.1,22
13304,-0.1,23
13305,0.2,24
13306,0.3,28
13307,0.2,29
13308,,
13309,0.8,24
13310,,
13311,,
13312,0.5,25
13313,1.8,26
13314,-0.8,27
13315,1.1,28
13316,1.7,29
13317,0.4,30
13318,-0.4,31
13319,,
13320,-0.6,23
13321,-0.2,24
13322,-0.1,27
13323,0.8,32
13324,-0.1,33
13325,0.0,35
13326,,
13327,-0.3,28
13328,0.7,29
13329,,
13330,3.9,23
13331,3.9,24
13332,4.4,25
13333,7.0,26
13334,7.4,27
13335,4.3,28
13336,3.1999999999999997,29
13337,0.9,30
13338,5.3,31
13339,2.9,32
13340,1.3,33
13341,6.0,34
13342,2.9,35
13343,1.9,36
13344,1.2000000000000002,37
13345,0.5,38
13346,0.8,39
13347,,
13348,2.1999999999999997,23
13349,8.0,24
13350,7.5,25
13351,3.1999999999999997,26
13352,3.4000000000000004,27
13353,-1.5999999999999999,28
13354,-0.6,29
13355,-1.2000000000000002,30
13356,0.4,31
13357,-1.6,32
13358,,
13359,-0.4,25
13360,0.8,26
13361,0.2,27
13362,,
13363,-0.5,26
13364,-0.30000000000000004,27
13365,0.7,29
13366,,
13367,-0.3,27
13368,0.0,28
13369,,
13370,-0.1,23
13371,-0.4,24
13372,1.9000000000000001,25
13373,-1.4000000000000001,26
13374,-1.9000000000000001,27
13375,1.7,29
13376,0.8,30
13377,-0.19999999999999998,31
13378,,
13379,-0.4,23
13380,0.1,24
13381,-0.7,25
13382,1.1,27
13383,2.3000000000000003,28
13384,1.3,29
13385,-0.1,30
13386,0.30000000000000004,31
13387,0.4,32
13388,-0.6000000000000001,33
13389,,
13390,2.1,25
13391,-0.3,26
13392,5.0,28
13393,1.2,29
13394,1.9,30
13395,1.5,31
13396,0.1,32
13397,0.1,33
13398,2.7,34
13399,3.9,35
13400,3.7,36
13401,1.2,37
13402,4.6,38
13403,1.7999999999999998,39
13404,2.2,40
13405,2.6999999999999997,41
13406,2.2,42
13407,-0.6,43
13408,-1.8,44
13409,,
13410,0.6,26
13411,-0.4,27
13412,-0.1,28
13413,,
13414,0.4,25
13415,0.4,26
13416,0.2,27
13417,2.6999999999999997,28
13418,-0.1,29
13419,0.39999999999999997,30
13420,0.7,31
13421,1.7,32
13422,0.7999999999999999,33
13423,1.4,34
13424,0.3,35
13425,0.8,36
13426,-0.19999999999999996,37
13427,-0.7,38
13428,,
13429,0.1,24
13430,0.0,25
13431,,
13432,0.1,24
13433,1.7,25
13434,-0.4,26
13435,0.5,27
13436,1.5999999999999999,28
13437,-0.9,29
13438,0.3,30
13439,-0.1,31
13440,,
13441,-0.1,23
13442,-0.1,24
13443,0.0,25
13444,-0.2,26
13445,0.1,27
13446,,
13447,,
13448,-0.2,27
13449,0.6,28
13450,0.5,29
13451,-0.4,30
13452,,
13453,0.5,25
13454,0.1,26
13455,3.1999999999999997,27
13456,2.2,28
13457,1.7999999999999998,29
13458,-1.5999999999999999,30
13459,0.4,31
13460,-0.3,32
13461,,
13462,-1.7,23
13463,1.4,24
13464,2.1,25
13465,3.9,26
13466,0.1,27
13467,0.7,28
13468,3.7,29
13469,2.1,30
13470,3.1,31
13471,2.5,32
13472,3.3999999999999995,33
13473,1.1,34
13474,0.8999999999999999,35
13475,-0.4,37
13476,,
13477,,
13478,-0.5,24
13479,-0.2,25
13480,-0.5,26
13481,1.1,27
13482,-0.30000000000000004,28
13483,2.1999999999999997,29
13484,-2.1,30
13485,-0.8,31
13486,,
13487,0.1,21
13488,0.30000000000000004,22
13489,,
13490,0.1,25
13491,0.7,26
13492,0.0,27
13493,-0.2,28
13494,,
13495,-0.4,25
13496,,
13497,,
13498,0.0,20
13499,3.3,21
13500,2.3,22
13501,2.1,23
13502,0.1,24
13503,3.6,25
13504,3.2,26
13505,1.4,27
13506,2.1,28
13507,3.7,29
13508,2.6,30
13509,0.0,31
13510,0.7,33
13511,0.5,34
13512,1.6,35
13513,4.0,36
13514,3.0,37
13515,1.7,38
13516,0.1,39
13517,-0.7,40
13518,-0.3,41
13519,,
13520,-0.4,22
13521,0.9000000000000001,23
13522,3.3,24
13523,-1.2,25
13524,-0.2,26
13525,1.8,27
13526,0.5,28
13527,1.2000000000000002,29
13528,0.09999999999999998,30
13529,0.6,31
13530,-0.6,32
13531,-0.5,33
13532,,
13533,0.0,26
13534,0.4,27
13535,2.0,28
13536,0.5,29
13537,0.39999999999999997,30
13538,-1.2,31
13539,,
13540,0.3,27
13541,0.1,28
13542,0.7,29
13543,0.5,30
13544,0.8,31
13545,-0.3,32
13546,,
13547,,
13548,0.3,27
13549,2.1,28
13550,0.3,29
13551,1.6,30
13552,1.1,31
13553,-0.8999999999999999,32
13554,0.2,33
13555,,
13556,3.5,22
13557,2.4,23
13558,0.8,24
13559,-1.5,25
13560,-0.4,26
13561,,
13562,,
13563,-0.2,24
13564,-0.3,25
13565,0.7,26
13566,1.7000000000000002,27
13567,-0.9,28
13568,0.8,29
13569,,
13570,0.5,24
13571,2.0,25
13572,0.8,26
13573,0.10000000000000006,27
13574,1.5,28
13575,-0.5,29
13576,-1.0,30
13577,-0.2,31
13578,1.5,32
13579,,
13580,0.6,29
13581,-0.30000000000000004,30
13582,0.1,31
13583,,
13584,-0.3,23
13585,2.4,24
13586,0.5,25
13587,3.8,26
13588,2.6,27
13589,0.8,28
13590,1.9999999999999998,29
13591,0.4,30
13592,-0.5,31
13593,-0.3,33
13594,,
13595,,
13596,2.2,32
13597,-0.1,33
13598,0.4,34
13599,0.0,35
13600,,
13601,0.1,22
13602,2.3,23
13603,-0.1,24
13604,-0.6,25
13605,0.7,26
13606,0.1,27
13607,-0.2,28
13608,,
13609,-0.5,28
13610,0.0,29
13611,1.9,30
13612,-0.1,31
13613,,
13614,0.7999999999999999,25
13615,,
13616,0.49999999999999994,23
13617,0.40000000000000013,24
13618,,
13619,,
13620,0.7,25
13621,0.3,26
13622,1.4,27
13623,0.1,28
13624,-0.4,29
13625,0.8,30
13626,1.6,31
13627,-0.4,32
13628,-0.4,33
13629,1.4,34
13630,0.1,35
13631,,
13632,0.4,26
13633,0.6,27
13634,1.5,28
13635,2.7,29
13636,2.5,30
13637,1.3,31
13638,0.9,32
13639,1.8,33
13640,0.2,34
13641,,
13642,0.4,24
13643,0.1,25
13644,1.1,26
13645,,
13646,-0.2,30
13647,,
13648,0.3,22
13649,-0.5,23
13650,,
13651,-0.1,25
13652,,
13653,0.6,24
13654,-0.5,25
13655,0.0,26
13656,0.9,27
13657,0.9,28
13658,-1.7,29
13659,-0.1,30
13660,,
13661,-0.1,26
13662,-0.1,27
13663,0.0,28
13664,,
13665,0.4,25
13666,,
13667,-0.8,23
13668,-1.2,24
13669,0.6,25
13670,1.5,26
13671,1.2,27
13672,-0.1,28
13673,0.0,29
13674,,
13675,0.0,24
13676,0.3,25
13677,,
13678,0.1,25
13679,-1.3,29
13680,-0.4,31
13681,-0.1,32
13682,-0.1,33
13683,,
13684,1.5,23
13685,-0.4,24
13686,1.4000000000000001,25
13687,5.2,26
13688,0.0,27
13689,0.19999999999999998,28
13690,0.6,29
13691,-1.4000000000000001,30
13692,,
13693,1.7000000000000002,25
13694,,
13695,-0.8,23
13696,-1.2,24
13697,0.6,25
13698,1.5,26
13699,1.2,27
13700,-0.1,28
13701,0.0,29
13702,,
13703,-0.3,21
13704,-0.2,22
13705,1.9,23
13706,1.6,24
13707,2.1,25
13708,2.9,26
13709,5.8,27
13710,1.2000000000000002,28
13711,,
13712,-1.1,22
13713,-0.1,23
13714,0.3,24
13715,-0.3,27
13716,,
13717,1.7,21
13718,3.9,22
13719,2.6999999999999997,23
13720,1.9000000000000001,24
13721,0.39999999999999997,25
13722,-1.6,26
13723,-0.29999999999999993,27
13724,1.0,28
13725,0.6000000000000001,29
13726,1.2,30
13727,-0.4,31
13728,,
13729,0.6,22
13730,0.2,23
13731,-0.5,24
13732,-0.2,25
13733,0.2,26
13734,,
13735,0.9,26
13736,-0.8,27
13737,-1.3,28
13738,,
13739,1.2000000000000002,25
13740,2.4,26
13741,0.7999999999999999,27
13742,3.6999999999999997,28
13743,3.1,29
13744,4.1,30
13745,1.7000000000000002,31
13746,1.2,32
13747,1.1,33
13748,1.5,34
13749,0.2,35
13750,1.8,36
13751,0.6,37
13752,2.1,38
13753,1.0,39
13754,0.2,40
13755,2.2,41
13756,-0.9,42
13757,,
13758,-0.3,25
13759,,
13760,-1.1,24
13761,1.5,25
13762,-0.1,26
13763,0.5,28
13764,1.3,29
13765,,
13766,0.7999999999999999,25
13767,1.6999999999999997,26
13768,,
13769,0.4,22
13770,1.5,23
13771,0.8,24
13772,2.7,25
13773,0.0,26
13774,0.6,27
13775,-1.2,29
13776,,
13777,-0.4,24
13778,1.6,25
13779,3.9,26
13780,0.6,27
13781,,
13782,0.0,25
13783,-0.4,27
13784,0.0,28
13785,,
13786,0.1,24
13787,-0.4,25
13788,,
13789,0.2,21
13790,0.0,24
13791,0.9,25
13792,1.8,26
13793,0.4,27
13794,-0.19999999999999998,28
13795,,
13796,3.2,25
13797,3.4,26
13798,1.3,27
13799,1.5,28
13800,1.2,29
13801,0.3,30
13802,1.9,31
13803,2.4,32
13804,0.6,33
13805,1.1,34
13806,-0.4,35
13807,1.0999999999999999,37
13808,-0.3,38
13809,-0.2,39
13810,,
13811,1.4,33
13812,0.30000000000000004,34
13813,,
13814,-0.1,26
13815,-0.9,27
13816,-0.4,28
13817,2.0,29
13818,-0.1,30
13819,1.7,31
13820,1.9,32
13821,1.0,33
13822,-0.09999999999999998,34
13823,0.9,36
13824,-0.2,37
13825,,
13826,0.8999999999999999,25
13827,2.0,26
13828,-0.2,27
13829,-1.1,28
13830,,
13831,0.2,25
13832,0.9,26
13833,,
13834,1.0,24
13835,,
13836,3.2,26
13837,1.0999999999999999,27
13838,2.6,28
13839,-1.0,29
13840,,
13841,0.1,25
13842,-0.4,26
13843,,
13844,-0.3,25
13845,-0.1,26
13846,,
13847,-0.3,21
13848,0.6000000000000001,22
13849,3.9,23
13850,0.1,24
13851,3.4,26
13852,2.1,27
13853,-0.2,28
13854,1.6,29
13855,,
13856,0.0,22
13857,0.2,23
13858,1.4,24
13859,1.7000000000000002,25
13860,3.4,26
13861,0.5,27
13862,1.7,28
13863,1.5,29
13864,1.2,30
13865,1.1,31
13866,0.0,32
13867,1.4,33
13868,1.3,34
13869,,
13870,-0.7999999999999999,25
13871,0.8999999999999999,26
13872,,
13873,1.6,24
13874,-1.3,25
13875,-0.3,26
13876,-0.8,27
13877,0.9,28
13878,,
13879,0.1,22
13880,-1.5,23
13881,0.7,24
13882,2.5,25
13883,,
13884,-0.5,27
13885,0.8,28
13886,,
13887,0.0,25
13888,-0.5,26
13889,0.4,27
13890,0.7000000000000001,28
13891,1.2,29
13892,-1.0,30
13893,-0.30000000000000004,31
13894,,
13895,0.6,22
13896,0.0,23
13897,-0.2,24
13898,,
13899,2.1,23
13900,0.8,24
13901,,
13902,-0.1,25
13903,0.0,26
13904,1.2,27
13905,-0.1,28
13906,0.2,29
13907,,
13908,0.7,28
13909,,
13910,-0.5,20
13911,-0.1,21
13912,0.2,22
13913,0.7,24
13914,0.5,25
13915,1.5,26
13916,0.9,27
13917,,
13918,0.2,23
13919,1.7,24
13920,0.0,25
13921,-0.4,26
13922,2.5,27
13923,-0.1,29
13924,-0.2,30
13925,,
13926,-0.3,24
13927,0.4,25
13928,,
13929,-0.1,26
13930,0.6,28
13931,0.4,29
13932,-0.4,30
13933,0.7,31
13934,0.1,32
13935,0.6,33
13936,0.2,34
13937,,
13938,-0.2,26
13939,-0.5,27
13940,0.6,28
13941,,
13942,0.7,25
13943,0.2,26
13944,-0.4,27
13945,,
13946,-0.3,23
13947,0.9,24
13948,-1.2,25
13949,1.4,26
13950,2.9,27
13951,4.0,28
13952,-0.3,29
13953,-1.0,30
13954,1.3,31
13955,0.0,32
13956,,
13957,0.2,22
13958,0.7000000000000001,23
13959,3.1999999999999997,24
13960,5.9,25
13961,7.3,26
13962,0.8000000000000002,27
13963,-0.6,28
13964,2.7,29
13965,-0.2,30
13966,2.1,31
13967,-0.5,32
13968,-1.4,33
13969,,
13970,-0.19999999999999998,21
13971,1.9,22
13972,0.5,23
13973,3.1,24
13974,1.2,25
13975,0.3,26
13976,1.2000000000000002,27
13977,1.4,28
13978,2.8000000000000003,29
13979,0.4,30
13980,0.7999999999999999,31
13981,,
13982,,
13983,0.6,22
13984,3.5,23
13985,0.6000000000000001,24
13986,-1.0,25
13987,1.3,26
13988,0.0,27
13989,1.4,28
13990,-1.3,29
13991,,
13992,0.9,27
13993,-1.4,28
13994,0.4,29
13995,0.2,30
13996,-0.7,31
13997,-0.2,32
13998,0.0,33
13999,0.5,34
14000,,
14001,-0.5,21
14002,0.4,22
14003,0.0,23
14004,2.4,24
14005,2.0,25
14006,0.7000000000000001,26
14007,0.4,27
14008,2.6,28
14009,-0.7,29
14010,1.1,30
14011,1.7999999999999998,31
14012,1.3,32
14013,0.0,33
14014,-0.2,34
14015,,
14016,0.2,23
14017,-0.7999999999999999,24
14018,0.8,26
14019,0.6000000000000001,27
14020,-0.1,28
14021,0.09999999999999998,30
14022,-0.7,31
14023,-0.3,36
14024,,
14025,-0.1,24
14026,0.9,25
14027,0.4,26
14028,,
14029,0.5,22
14030,2.0,23
14031,0.0,24
14032,,
14033,-0.2,28
14034,-0.9,29
14035,-0.4,31
14036,-0.1,32
14037,,
14038,1.4,24
14039,-1.3,25
14040,-0.4,26
14041,0.2,27
14042,-0.5,28
14043,-0.10000000000000003,29
14044,-0.1,30
14045,,
14046,1.0,25
14047,-0.5,26
14048,2.5,27
14049,1.8,28
14050,1.5,29
14051,-0.3,30
14052,-1.0,31
14053,,
14054,0.7,25
14055,0.20000000000000004,26
14056,1.5,27
14057,0.9,28
14058,-0.5,29
14059,1.1,30
14060,,
14061,0.0,22
14062,-0.4,23
14063,-0.8,24
14064,-0.1,25
14065,1.1,26
14066,0.1,27
14067,0.0,28
14068,-0.5,29
14069,,
14070,0.1,23
14071,1.9,24
14072,0.5,25
14073,1.8,26
14074,0.7,27
14075,,
14076,0.1,24
14077,0.2,25
14078,0.6,26
14079,-0.30000000000000004,27
14080,0.9,28
14081,0.1,29
14082,0.1,30
14083,-0.4,33
14084,,
14085,0.1,25
14086,2.2,26
14087,2.4,27
14088,-0.1,28
14089,0.2,29
14090,-0.3,30
14091,,
14092,-0.2,23
14093,0.0,24
14094,-1.4,25
14095,1.7,26
14096,1.4,27
14097,-1.6,28
14098,-0.7,29
14099,0.3,33
14100,-0.2,34
14101,,
14102,0.3,23
14103,1.4,24
14104,0.1,25
14105,1.6,26
14106,-2.0,27
14107,3.8,28
14108,3.5,29
14109,1.8,30
14110,1.8,31
14111,1.0,32
14112,-1.4,33
14113,,
14114,-0.5,23
14115,0.6,24
14116,0.6,25
14117,0.3,26
14118,1.5,27
14119,-0.8,28
14120,0.30000000000000004,29
14121,0.5,31
14122,0.2,32
14123,2.6,33
14124,0.4,34
14125,,
14126,0.0,24
14127,3.3000000000000003,25
14128,1.4,26
14129,0.7999999999999999,27
14130,2.3,28
14131,0.0,29
14132,-0.2,30
14133,1.5,31
14134,1.6,32
14135,,
14136,,
14137,0.1,22
14138,-0.3,23
14139,0.0,24
14140,,
14141,-0.2,22
14142,3.8000000000000003,23
14143,2.0,24
14144,,
14145,-0.6,24
14146,-0.6,25
14147,,
14148,0.8,26
14149,0.7,27
14150,,
14151,-0.2,24
14152,0.6,25
14153,-0.6,26
14154,-0.09999999999999998,27
14155,,
14156,-0.8,26
14157,-1.4,27
14158,1.9000000000000001,28
14159,1.6,29
14160,4.5,30
14161,2.8,31
14162,2.7,32
14163,2.0,33
14164,0.2,34
14165,-1.0,35
14166,0.6,36
14167,,
14168,0.0,26
14169,-0.2,27
14170,0.8,28
14171,0.2,29
14172,-0.6,30
14173,-0.4,31
14174,-0.1,32
14175,,
14176,-0.3,24
14177,0.1,25
14178,0.5,26
14179,0.2,27
14180,-0.5,28
14181,0.1,29
14182,,
14183,-0.1,25
14184,,
14185,-0.9,22
14186,-0.1,25
14187,0.5,27
14188,,
14189,2.4,26
14190,1.5,27
14191,1.9,28
14192,3.4,29
14193,-0.7,30
14194,0.4,31
14195,0.0,32
14196,-1.1,33
14197,,
14198,-0.3,25
14199,0.4,26
14200,0.19999999999999996,27
14201,-0.19999999999999998,28
14202,-1.1,30
14203,,
14204,-0.1,25
14205,-0.09999999999999998,26
14206,,
14207,-0.3,23
14208,-0.1,24
14209,-0.7,25
14210,0.6,26
14211,1.0999999999999999,27
14212,0.7,28
14213,0.8,29
14214,0.0,30
14215,,
14216,-0.4,22
14217,0.7,23
14218,-1.2,24
14219,0.9,25
14220,-0.7,26
14221,0.0,27
14222,-0.4,28
14223,-0.3,29
14224,-0.3,30
14225,,
14226,-0.5,23
14227,0.0,24
14228,-0.3,25
14229,0.2,26
14230,-0.5,27
14231,0.0,28
14232,0.5,29
14233,-0.2,30
14234,,
14235,,
14236,-0.1,22
14237,-0.3,23
14238,1.2,27
14239,1.0,28
14240,0.1,29
14241,0.5,30
14242,-0.1,31
14243,0.7999999999999999,32
14244,0.5,33
14245,-0.3,34
14246,,
14247,,
14248,-0.6,26
14249,0.1,27
14250,,
14251,0.1,24
14252,-0.8,25
14253,,
14254,0.5,24
14255,-0.4,25
14256,-1.2000000000000002,26
14257,0.49999999999999994,27
14258,-0.4,28
14259,0.8999999999999999,29
14260,-0.2,30
14261,3.6999999999999997,31
14262,0.09999999999999995,32
14263,-1.2,33
14264,1.3,34
14265,-1.1,35
14266,,
14267,0.0,22
14268,0.1,23
14269,-0.3,27
14270,0.10000000000000009,28
14271,0.9999999999999999,29
14272,,
14273,0.0,19
14274,0.5,21
14275,-1.3,22
14276,4.9,23
14277,3.7,24
14278,2.1,25
14279,4.3,26
14280,3.7,27
14281,1.3,28
14282,2.6,29
14283,0.1,32
14284,2.4,33
14285,0.9,34
14286,-0.2,35
14287,,
14288,-0.9,25
14289,1.4,26
14290,0.9,27
14291,2.4,28
14292,1.0,29
14293,-0.3,30
14294,,
14295,0.8,23
14296,-1.3,24
14297,2.4,25
14298,0.19999999999999998,26
14299,0.30000000000000004,27
14300,-1.4,28
14301,0.5,29
14302,-0.3,30
14303,,
14304,,
14305,-0.4,24
14306,0.3,25
14307,-0.3,26
14308,-0.1,27
14309,1.2,28
14310,0.6,29
14311,-0.6,30
14312,1.0,31
14313,0.2,32
14314,,
14315,0.1,24
14316,-0.4,25
14317,-0.3,26
14318,,
14319,0.2,24
14320,-0.5,25
14321,,
14322,0.4,24
14323,0.0,25
14324,,
14325,-0.1,22
14326,,
14327,0.8,24
14328,-1.2,25
14329,0.0,26
14330,-0.2,27
14331,0.0,28
14332,-0.1,31
14333,,
14334,0.3,23
14335,,
14336,0.2,23
14337,0.4,24
14338,0.1,25
14339,-0.6,27
14340,0.1,28
14341,,
14342,0.1,25
14343,0.5,26
14344,,
14345,1.9,24
14346,0.9,25
14347,0.1,26
14348,,
14349,0.2,28
14350,0.9,29
14351,-0.5,30
14352,,
14353,0.0,30
14354,0.3,31
14355,,
14356,-0.2,21
14357,0.0,22
14358,0.0,23
14359,0.0,24
14360,,
14361,1.0,24
14362,2.1,25
14363,,
14364,0.2,22
14365,3.4,23
14366,2.1,24
14367,2.0,25
14368,,
14369,0.2,23
14370,0.6,26
14371,-0.4,27
14372,-0.3,28
14373,-0.3,29
14374,0.6,30
14375,0.5,31
14376,-0.2,32
14377,0.3,34
14378,,
14379,1.1,34
14380,-0.4,35
14381,,
14382,2.7,21
14383,1.1,22
14384,3.0999999999999996,23
14385,3.0999999999999996,24
14386,2.9,25
14387,3.0,26
14388,0.6000000000000001,27
14389,1.9000000000000001,28
14390,4.199999999999999,29
14391,0.1,30
14392,-0.19999999999999998,31
14393,-0.2,32
14394,,
14395,3.5,25
14396,5.6,26
14397,3.5,27
14398,2.6,29
14399,3.9999999999999996,30
14400,-0.1,31
14401,3.2,32
14402,,
14403,-0.3,28
14404,-0.30000000000000004,29
14405,-0.3,31
14406,,
14407,0.6,28
14408,,
14409,-0.8,21
14410,0.3,22
14411,0.6000000000000001,23
14412,-0.7,24
14413,0.0,27
14414,0.5,28
14415,0.49999999999999994,29
14416,0.5,30
14417,0.1,31
14418,1.6,32
14419,1.6,33
14420,2.3,34
14421,,
14422,2.5,23
14423,,
14424,0.2,26
14425,,
14426,-0.1,24
14427,-0.4,25
14428,-0.6,26
14429,,
14430,0.2,25
14431,-0.6,26
14432,-0.1,27
14433,0.0,29
14434,0.0,30
14435,-0.30000000000000004,31
14436,,
14437,0.8,22
14438,-0.5,23
14439,,
14440,,
14441,0.3,24
14442,1.7000000000000002,25
14443,1.4,26
14444,-0.9999999999999999,27
14445,-0.6,28
14446,,
14447,3.4,22
14448,3.0,23
14449,-0.39999999999999997,24
14450,0.5,25
14451,2.5,26
14452,-1.3,27
14453,0.2,28
14454,0.5,29
14455,-0.10000000000000003,30
14456,1.2,31
14457,0.6,32
14458,2.1,33
14459,0.2,34
14460,0.1,35
14461,0.0,36
14462,,
14463,-0.1,22
14464,-0.3,23
14465,1.8,24
14466,1.6,25
14467,,
14468,-0.1,26
14469,-0.2,27
14470,,
14471,-0.3,23
14472,0.1,25
14473,,
14474,-0.5,23
14475,-0.2,24
14476,0.8,25
14477,-0.3,26
14478,1.0,27
14479,0.9,28
14480,1.4,29
14481,-0.7,30
14482,,
14483,1.7,24
14484,,
14485,-0.1,23
14486,0.1,24
14487,-0.3,25
14488,1.8,26
14489,0.1,27
14490,0.7,28
14491,0.5,29
14492,,
14493,0.8,23
14494,0.1,24
14495,0.0,25
14496,2.6,26
14497,2.3,27
14498,4.1,28
14499,1.0,29
14500,0.7,30
14501,2.5,31
14502,,
14503,0.5,25
14504,-0.5,26
14505,3.9,27
14506,-1.4,28
14507,-0.7000000000000001,29
14508,,
14509,3.8,20
14510,1.1,21
14511,0.1,22
14512,2.3,23
14513,5.3,24
14514,10.4,25
14515,3.4,26
14516,1.5,27
14517,3.9000000000000004,28
14518,5.6,29
14519,5.3,30
14520,9.5,31
14521,2.8,32
14522,6.0,33
14523,4.2,34
14524,6.2,35
14525,,
14526,-0.5,22
14527,0.9,23
14528,,
14529,1.2,23
14530,0.6000000000000001,24
14531,0.2,27
14532,4.1,28
14533,4.3,29
